Date,Open,High,Low,Close,Adj Close,Volume
2016-01-04,86.75,90.150002,86.0,89.970001,71.226379,3673900
2016-01-05,90.050003,90.239998,87.980003,89.089996,70.529694,2660200
2016-01-06,88.330002,90.239998,87.949997,88.68,70.205154,2486000
2016-01-07,87.029999,88.18,86.709999,87.190002,69.025558,2772900
2016-01-08,87.870003,88.160004,85.559998,86.019997,68.099327,3023800
2016-01-11,86.589996,86.809998,84.629997,85.419998,67.62429,3362200
2016-01-12,86.349998,86.849998,85.220001,86.629997,68.582199,2417800
2016-01-13,86.870003,88.57,84.739998,84.900002,67.212639,2468200
2016-01-14,85.220001,87.389999,84.0,86.68,68.621796,2078600
2016-01-15,84.110001,84.739998,83.120003,84.349998,66.777214,2838700
2016-01-19,85.449997,85.690002,82.739998,83.519997,66.12014,2055200
2016-01-20,81.889999,85.230003,79.879997,84.239998,66.69014,3587600
2016-01-21,84.580002,87.290001,84.290001,86.019997,68.099327,2612300
2016-01-22,87.419998,89.230003,85.690002,86.410004,68.408058,2296500
2016-01-25,85.0,86.089996,84.019997,84.050003,66.539711,1857900
2016-01-26,84.470001,85.940002,83.529999,85.379997,67.592628,2569100
2016-01-27,85.300003,86.440002,84.160004,85.209999,67.458046,1752300
2016-01-28,86.510002,87.489998,85.330002,86.949997,68.835548,2089000
2016-01-29,87.040001,89.949997,87.040001,89.889999,71.163071,2575700
2016-02-01,88.940002,91.629997,88.019997,91.169998,72.176392,2446400
2016-02-02,89.550003,90.400002,88.32,88.970001,70.434723,2195100
2016-02-03,89.199997,91.040001,86.830002,90.660004,71.772636,2924200
2016-02-04,91.18,97.970001,90.830002,97.57,77.24308,5691400
2016-02-05,96.080002,99.919998,95.029999,99.0,78.375145,3902600
2016-02-08,97.910004,100.230003,96.82,98.43,77.923912,3385600
2016-02-09,98.410004,101.190002,98.410004,99.699997,78.929337,3516100
2016-02-10,100.580002,100.790001,95.709999,96.330002,76.261391,4032600
2016-02-11,95.050003,98.160004,93.5,95.25,75.406403,2729300
2016-02-12,96.449997,98.370003,94.959999,97.010002,76.799728,2299500
2016-02-16,98.459999,99.760002,96.389999,99.139999,78.485985,2228700
2016-02-17,99.099998,100.389999,97.169998,97.529999,77.978279,3140400
2016-02-18,97.879997,98.699997,95.650002,97.199997,77.714439,2624500
2016-02-19,96.470001,97.120003,95.010002,96.589996,77.226715,2366700
2016-02-22,97.949997,99.169998,97.510002,98.529999,78.777832,1885700
2016-02-23,98.480003,98.910004,96.739998,97.529999,77.978279,2186500
2016-02-24,96.080002,96.43,93.269997,96.129997,76.858955,2676300
2016-02-25,96.489998,97.739998,95.589996,97.699997,78.114189,1575700
2016-02-26,98.669998,98.800003,97.260002,97.660004,78.082237,1567600
2016-02-29,97.800003,98.720001,97.489998,97.57,78.010269,1542400
2016-03-01,98.940002,100.639999,97.099998,100.260002,80.161018,2177200
2016-03-02,99.809998,100.160004,98.07,99.459999,79.52137,2313100
2016-03-03,99.230003,102.989998,99.010002,101.25,80.952545,2768400
2016-03-04,101.730003,103.660004,100.309998,102.239998,81.744087,3618100
2016-03-07,102.239998,105.940002,102.0,105.07,84.006744,2359500
2016-03-08,104.0,104.0,99.300003,101.779999,81.37632,3860000
2016-03-09,102.059998,103.050003,100.43,102.07,81.608147,1675800
2016-03-10,102.110001,103.110001,100.75,102.790001,82.183823,2403800
2016-03-11,103.43,104.809998,103.230003,104.0,83.15126,2113900
2016-03-14,103.550003,105.480003,103.300003,105.120003,84.046722,2359800
2016-03-15,104.0,104.620003,103.290001,104.580002,83.614983,1697500
2016-03-16,104.419998,106.800003,103.919998,106.379997,85.054146,1998000
2016-03-17,105.75,110.389999,105.5,109.580002,87.612656,2964900
2016-03-18,109.940002,111.290001,108.099998,110.089996,88.020393,4658600
2016-03-21,109.830002,110.989998,109.419998,110.610001,88.436157,1708300
2016-03-22,110.110001,110.589996,109.220001,109.449997,87.508698,1542500
2016-03-23,108.949997,109.32,107.660004,107.739998,86.141502,2261400
2016-03-24,106.669998,107.419998,104.839996,107.400002,85.869667,1729000
2016-03-28,107.839996,108.769997,106.599998,108.440002,86.701157,1276900
2016-03-29,107.360001,110.129997,107.050003,109.93,87.892471,1465300
2016-03-30,110.830002,111.160004,108.379997,109.309998,87.396751,1507800
2016-03-31,109.199997,110.290001,108.900002,109.940002,87.900467,1752500
2016-04-01,108.480003,110.389999,106.970001,110.120003,88.044357,1670800
2016-04-04,110.110001,110.709999,108.68,109.089996,87.220863,1347800
2016-04-05,107.489998,109.360001,106.629997,108.019997,86.365364,1993100
2016-04-06,107.07,107.5,104.300003,106.43,85.094116,3396300
2016-04-07,105.510002,106.400002,104.830002,105.089996,84.022736,2275100
2016-04-08,106.110001,108.300003,105.839996,106.279999,84.974174,1328200
2016-04-11,106.830002,108.139999,106.209999,106.260002,84.958199,1397500
2016-04-12,106.690002,108.190002,106.129997,107.800003,86.189476,1078500
2016-04-13,108.959999,113.769997,108.760002,113.699997,90.9067,4132800
2016-04-14,113.510002,115.169998,112.739998,114.57,91.602287,2463200
2016-04-15,115.0,115.610001,114.150002,115.32,92.201958,2056100
2016-04-18,115.339996,117.68,114.550003,116.660004,93.273331,2656300
2016-04-19,116.459999,118.739998,116.349998,117.75,94.144791,2515900
2016-04-20,117.75,118.019997,116.120003,116.610001,93.233337,1688900
2016-04-21,115.360001,116.639999,114.610001,115.139999,92.058029,1744800
2016-04-22,114.669998,116.610001,114.610001,116.110001,92.83358,2773500
2016-04-25,115.860001,116.0,114.169998,114.910004,91.874161,1544300
2016-04-26,115.699997,116.489998,115.150002,116.18,92.889542,2273200
2016-04-27,116.559998,117.050003,115.629997,116.720001,93.321281,3115200
2016-04-28,116.519997,118.470001,115.839996,116.610001,93.233337,1822000
2016-04-29,117.019997,118.639999,115.790001,117.029999,93.569145,1784000
2016-05-02,117.389999,117.879997,115.660004,116.529999,93.16938,2519200
2016-05-03,115.269997,120.0,114.379997,118.599998,94.824417,3673000
2016-05-04,118.540001,118.550003,112.940002,114.440002,91.498367,3751300
2016-05-05,114.900002,115.330002,113.559998,113.889999,91.058617,1253400
2016-05-06,113.190002,115.059998,112.860001,114.989998,91.938087,1137800
2016-05-09,114.07,114.07,111.769997,112.419998,89.883324,1943900
2016-05-10,112.940002,114.949997,112.339996,114.779999,91.770172,2223400
2016-05-11,114.790001,115.93,113.879997,114.720001,91.722221,1927700
2016-05-12,115.349998,116.0,113.800003,114.389999,91.458382,1552400
2016-05-13,114.589996,115.269997,111.68,111.790001,89.379608,1916100
2016-05-16,112.0,114.809998,112.0,114.190002,91.2985,1414200
2016-05-17,114.0,115.989998,113.559998,114.279999,91.370438,1471300
2016-05-18,112.449997,113.300003,110.050003,110.669998,89.245583,2081000
2016-05-19,110.330002,110.760002,106.260002,108.080002,87.156937,2951000
2016-05-20,108.489998,109.599998,108.059998,108.209999,87.261787,1317600
2016-05-23,108.099998,109.360001,107.330002,108.160004,87.221443,865300
2016-05-24,108.57,109.989998,108.360001,109.709999,88.471405,1190900
2016-05-25,110.550003,113.449997,110.160004,113.169998,91.261566,2029100
2016-05-26,113.739998,114.849998,113.360001,113.5,91.527687,1756300
2016-05-27,113.419998,114.489998,112.839996,113.239998,91.318024,1412200
2016-05-31,113.25,115.32,113.019997,114.470001,92.309898,1936300
2016-06-01,113.989998,114.150002,112.199997,114.129997,92.035721,1398000
2016-06-02,113.959999,115.129997,113.099998,115.129997,92.842125,1620000
2016-06-03,114.93,114.93,112.709999,113.639999,91.640579,1586000
2016-06-06,114.139999,116.43,113.669998,116.300003,93.785652,1459400
2016-06-07,116.5,117.82,116.019997,117.150002,94.471107,974000
2016-06-08,118.0,119.910004,118.0,118.870003,95.858109,1837800
2016-06-09,117.699997,118.790001,117.300003,118.639999,95.67263,1072100
2016-06-10,117.389999,117.57,115.459999,116.0,93.543716,1263800
2016-06-13,115.540001,115.919998,113.650002,113.739998,91.721237,1594700
2016-06-14,113.760002,114.239998,111.949997,112.949997,91.084167,1982500
2016-06-15,114.040001,114.330002,112.379997,113.440002,91.479301,1444000
2016-06-16,112.779999,113.669998,110.550003,113.349998,91.406723,1250300
2016-06-17,113.489998,115.150002,112.709999,114.18,92.076035,2229100
2016-06-20,115.910004,117.57,115.760002,115.970001,93.519524,1356300
2016-06-21,115.57,115.769997,113.82,115.360001,93.027603,1216600
2016-06-22,115.5,116.330002,115.440002,115.779999,93.366325,1210800
2016-06-23,117.089996,119.0,116.610001,118.959999,95.930695,1573700
2016-06-24,114.25,115.059998,110.449997,110.5,89.108459,5459700
2016-06-27,109.690002,109.800003,105.43,105.75,85.278,3437700
2016-06-28,106.800003,108.400002,105.330002,106.940002,86.23764,2937000
2016-06-29,108.400002,109.980003,107.580002,109.730003,88.487511,1748400
2016-06-30,109.970001,112.440002,109.459999,112.440002,90.67289,1338300
2016-07-01,112.010002,113.57,111.809998,112.919998,91.059944,1458200
2016-07-05,112.129997,112.790001,109.449997,110.18,88.850372,1263100
2016-07-06,109.199997,110.690002,107.510002,110.610001,89.197166,1705000
2016-07-07,110.870003,112.480003,110.300003,111.260002,89.721344,937600
2016-07-08,112.260002,114.849998,111.760002,114.699997,92.495369,1069600
2016-07-11,114.800003,116.339996,113.699997,115.889999,93.454987,1077800
2016-07-12,116.730003,119.18,116.269997,118.980003,95.946838,1615500
2016-07-13,118.300003,119.870003,117.720001,118.129997,95.261375,1636500
2016-07-14,119.330002,120.18,118.900002,119.470001,96.34198,1636500
2016-07-15,119.839996,119.839996,118.580002,119.010002,95.971024,1110200
2016-07-18,118.370003,119.050003,117.040001,118.190002,95.309738,1959800
2016-07-19,117.43,117.790001,116.309998,116.470001,93.922722,1545500
2016-07-20,116.779999,118.190002,116.019997,117.559998,94.801727,2066500
2016-07-21,118.0,119.980003,117.5,118.459999,95.527496,1739100
2016-07-22,118.32,118.440002,117.440002,118.209999,95.325882,1058900
2016-07-25,118.040001,118.599998,117.360001,118.190002,95.309738,1108700
2016-07-26,118.139999,122.080002,117.5,122.050003,98.422508,2694500
2016-07-27,122.050003,124.089996,121.699997,123.419998,99.527275,3574800
2016-07-28,122.709999,122.709999,121.230003,122.160004,98.5112,1608100
2016-07-29,122.0,122.970001,120.57,122.769997,99.003143,1688100
2016-08-01,122.5,122.93,120.699997,121.800003,98.220886,2666600
2016-08-02,121.75,123.709999,119.160004,121.040001,97.60804,2177500
2016-08-03,120.75,123.260002,120.440002,122.279999,98.607971,1760800
2016-08-04,122.279999,123.849998,121.059998,123.25,99.390213,1240700
2016-08-05,123.300003,125.339996,123.300003,125.339996,101.075592,1044200
2016-08-08,125.980003,126.699997,125.790001,126.410004,101.938469,1293900
2016-08-09,126.400002,127.089996,125.5,125.879997,101.51104,1023100
2016-08-10,126.290001,126.519997,125.830002,126.07,101.664268,619900
2016-08-11,126.080002,127.370003,126.080002,127.110001,102.502945,803400
2016-08-12,127.209999,127.639999,126.449997,126.730003,102.19651,884800
2016-08-15,126.910004,127.550003,126.910004,127.010002,102.42231,1188900
2016-08-16,126.769997,127.580002,126.209999,126.870003,102.309418,1046600
2016-08-17,126.870003,127.279999,126.050003,126.510002,102.019096,1466200
2016-08-18,125.480003,126.82,125.169998,126.220001,102.616661,1094300
2016-08-19,125.790001,126.559998,125.300003,126.129997,102.54348,1064000
2016-08-22,125.730003,125.910004,125.120003,125.349998,101.909363,919300
2016-08-23,126.089996,126.309998,125.589996,125.660004,102.161369,997400
2016-08-24,125.5,126.050003,124.650002,124.940002,101.576019,864800
2016-08-25,124.769997,125.43,124.169998,125.330002,101.893089,727300
2016-08-26,125.540001,127.269997,124.18,124.510002,101.22641,1123100
2016-08-29,124.739998,125.959999,124.139999,125.489998,102.023163,1087100
2016-08-30,125.489998,126.120003,124.879997,126.050003,102.478439,939600
2016-08-31,125.550003,125.919998,124.589996,125.610001,102.120735,1357500
2016-09-01,125.610001,126.150002,124.279999,125.410004,101.95813,1507900
2016-09-02,126.120003,126.550003,125.639999,126.160004,102.567871,1273500
2016-09-06,120.940002,121.75,116.599998,116.940002,95.072052,5679800
2016-09-07,116.739998,120.93,116.029999,119.75,97.356544,3044400
2016-09-08,119.339996,121.389999,118.540001,119.879997,97.462234,1738600
2016-09-09,118.809998,119.260002,116.809998,116.809998,94.966331,1263200
2016-09-12,116.410004,119.529999,116.300003,118.970001,96.722412,1085600
2016-09-13,117.879997,118.940002,116.870003,117.309998,95.372826,1134600
2016-09-14,117.459999,118.360001,117.099998,118.050003,95.974464,1033400
2016-09-15,118.220001,119.949997,117.699997,119.510002,97.161446,1003400
2016-09-16,119.349998,119.690002,118.279999,119.559998,97.202087,1803200
2016-09-19,120.449997,120.699997,119.07,119.290001,96.982567,911300
2016-09-20,119.769997,120.260002,119.040001,119.169998,96.88501,636400
2016-09-21,119.580002,121.099998,119.410004,120.919998,98.30777,886400
2016-09-22,121.720001,122.620003,121.370003,121.919998,99.120735,849300
2016-09-23,121.260002,121.629997,120.18,120.629997,98.071976,934400
2016-09-26,120.330002,121.480003,120.120003,120.230003,97.746803,813200
2016-09-27,120.129997,120.540001,119.410004,120.470001,97.941902,1081100
2016-09-28,120.949997,123.699997,120.940002,123.599998,100.486572,1217900
2016-09-29,123.32,125.419998,123.220001,124.260002,101.023178,1199400
2016-09-30,125.330002,128.600006,125.190002,128.149994,104.185738,1761000
2016-10-03,127.400002,128.690002,127.260002,127.860001,103.949982,1125600
2016-10-04,127.870003,129.259995,126.959999,127.309998,103.5028,1104200
2016-10-05,128.270004,130.960007,127.790001,130.25,105.893036,1320900
2016-10-06,129.699997,130.729996,129.199997,130.490005,106.08815,1199200
2016-10-07,130.110001,130.429993,127.080002,128.440002,104.421516,1961600
2016-10-10,129.360001,129.389999,127.809998,128.169998,104.202003,974200
2016-10-11,130.520004,131.039993,127.480003,127.860001,103.949982,2442500
2016-10-12,127.959999,128.399994,127.360001,127.769997,103.876801,1341000
2016-10-13,126.470001,126.470001,124.75,126.129997,102.54348,1336600
2016-10-14,126.400002,128.429993,125.760002,125.760002,102.242676,1030700
2016-10-17,126.029999,126.279999,125.5,125.800003,102.275192,870500
2016-10-18,126.599998,127.599998,125.959999,127.050003,103.291451,1335800
2016-10-19,127.019997,128.740005,126.370003,128.300003,104.307693,1026100
2016-10-20,127.68,127.940002,126.330002,126.980003,103.234528,1543800
2016-10-21,125.989998,126.860001,124.860001,126.639999,102.95813,1375900
2016-10-24,127.139999,128.089996,125.669998,126.690002,102.998764,1149300
2016-10-25,125.849998,127.260002,125.269997,125.57,102.088196,1314500
2016-10-26,125.169998,127.470001,125.059998,126.519997,102.860542,837700
2016-10-27,126.830002,127.040001,125.510002,126.260002,102.649155,1002500
2016-10-28,126.550003,127.989998,126.339996,126.620003,102.941864,1194700
2016-10-31,126.730003,128.0,126.529999,127.82,103.917458,1927000
2016-11-01,123.330002,126.040001,121.580002,122.290001,99.421562,3050300
2016-11-02,121.790001,122.949997,121.349998,121.720001,98.95816,1421800
2016-11-03,121.839996,123.589996,121.220001,121.75,98.982552,1827100
2016-11-04,121.919998,125.559998,121.43,124.309998,101.063828,1544800
2016-11-07,127.019997,130.490005,126.949997,130.339996,105.966179,2893800
2016-11-08,129.699997,131.520004,129.080002,130.860001,106.388962,1700300
2016-11-09,132.410004,138.389999,130.860001,136.850006,111.258842,3178300
2016-11-10,137.660004,141.649994,137.190002,137.809998,112.039307,3990500
2016-11-11,137.0,138.130005,135.75,136.990005,111.37265,1903900
2016-11-14,138.669998,139.289993,133.160004,134.740005,109.543411,4128600
2016-11-15,134.880005,137.800003,134.149994,137.779999,112.014908,1961900
2016-11-16,137.440002,137.440002,135.75,136.869995,111.275093,1118800
2016-11-17,136.199997,136.570007,135.009995,135.429993,110.935143,1083400
2016-11-18,135.320007,136.410004,134.600006,135.029999,110.607491,1281400
2016-11-21,136.070007,137.309998,135.509995,136.830002,112.08197,1017800
2016-11-22,137.809998,139.570007,137.199997,139.350006,114.146164,1725900
2016-11-23,140.0,141.570007,139.850006,140.800003,115.3339,1497900
2016-11-25,140.610001,141.5,140.550003,141.289993,115.735245,482900
2016-11-28,140.539993,141.210007,137.119995,138.320007,113.30246,1693000
2016-11-29,137.699997,138.850006,136.639999,138.220001,113.220512,1056000
2016-11-30,139.600006,142.679993,139.320007,141.779999,116.136642,1967600
2016-12-01,140.75,146.479996,139.820007,142.630005,116.832932,2241000
2016-12-02,142.220001,143.809998,141.889999,142.949997,117.094994,1028300
2016-12-05,143.990005,144.960007,142.220001,142.860001,117.021309,1777000
2016-12-06,142.490005,143.559998,142.100006,142.660004,116.857491,1451500
2016-12-07,142.839996,147.100006,142.190002,146.460007,119.970215,2470100
2016-12-08,145.860001,146.330002,143.350006,143.779999,117.774895,1946400
2016-12-09,144.0,144.039993,141.770004,142.25,116.521622,1375100
2016-12-12,142.520004,142.869995,140.779999,142.309998,116.570747,1297300
2016-12-13,142.410004,143.169998,141.539993,142.630005,116.832932,1137700
2016-12-14,141.720001,141.779999,138.669998,138.860001,113.744759,2446300
2016-12-15,138.800003,140.110001,138.119995,138.839996,113.728386,1797000
2016-12-16,138.75,139.380005,135.179993,135.350006,110.869637,4913300
2016-12-19,135.729996,138.110001,135.550003,137.410004,112.557037,2477200
2016-12-20,137.309998,138.389999,137.0,138.0,113.040344,1200300
2016-12-21,138.0,139.279999,137.539993,138.699997,113.613708,1098000
2016-12-22,138.649994,139.029999,137.770004,138.229996,113.228699,960600
2016-12-23,137.949997,138.740005,137.100006,138.240005,113.236931,555900
2016-12-27,138.229996,138.979996,137.509995,138.080002,113.105835,697800
2016-12-28,138.220001,138.779999,136.179993,136.460007,111.778847,870700
2016-12-29,136.820007,137.649994,135.940002,136.419998,111.746078,935900
2016-12-30,136.610001,137.600006,136.130005,136.669998,111.950874,1203100
2017-01-03,138.25,139.809998,137.919998,139.789993,114.506538,1638800
2017-01-04,139.880005,140.800003,139.089996,139.630005,114.375496,1178400
2017-01-05,139.160004,140.190002,136.839996,137.75,112.835548,1387300
2017-01-06,138.259995,139.889999,137.009995,138.720001,113.630096,923500
2017-01-09,139.809998,139.809998,137.229996,137.419998,112.565201,925000
2017-01-10,138.360001,140.059998,137.699997,139.559998,114.318176,1574900
2017-01-11,139.949997,141.080002,139.050003,140.710007,115.26017,837100
2017-01-12,140.449997,140.630005,134.059998,138.559998,113.499031,2600300
2017-01-13,138.940002,140.559998,138.630005,139.979996,114.662186,923300
2017-01-17,139.360001,140.169998,138.160004,138.919998,113.79393,1190900
2017-01-18,138.929993,139.929993,138.479996,139.899994,114.596642,819400
2017-01-19,141.0,141.949997,140.369995,140.970001,115.473114,1142700
2017-01-20,141.339996,142.130005,140.639999,141.580002,115.972801,906100
2017-01-23,141.190002,141.740005,140.179993,141.470001,115.882713,794500
2017-01-24,142.039993,145.470001,141.899994,145.009995,118.782448,1107300
2017-01-25,146.270004,148.25,145.970001,147.860001,121.116936,1477300
2017-01-26,148.25,150.350006,146.679993,147.449997,120.781113,1507400
2017-01-27,147.479996,147.990005,146.699997,147.139999,120.527191,794900
2017-01-30,146.850006,147.289993,145.330002,147.009995,120.420685,1051400
2017-01-31,146.0,147.25,144.25,147.009995,120.420685,1981800
2017-02-01,147.910004,149.970001,146.710007,147.320007,120.674644,1301200
2017-02-02,146.660004,147.869995,145.850006,146.330002,119.863686,871200
2017-02-03,146.929993,147.440002,146.130005,146.860001,120.297867,946900
2017-02-06,146.389999,146.979996,145.669998,146.380005,119.90464,1191100
2017-02-07,147.630005,148.729996,146.690002,147.350006,120.699196,1510900
2017-02-08,146.710007,147.199997,144.800003,145.679993,119.331276,2097300
2017-02-09,145.679993,153.440002,145.679993,150.139999,122.984581,2815600
2017-02-10,150.5,151.029999,149.679993,150.559998,123.328621,1355300
2017-02-13,151.259995,153.619995,150.960007,152.850006,125.204453,2200100
2017-02-14,152.119995,152.550003,150.759995,151.960007,124.47538,1456600
2017-02-15,152.0,152.529999,151.550003,151.940002,124.45903,1641600
2017-02-16,152.0,152.360001,151.25,152.179993,124.655647,1554700
2017-02-17,151.169998,152.929993,150.440002,152.910004,125.253616,1263400
2017-02-21,152.970001,154.669998,152.850006,154.509995,126.564217,1890100
2017-02-22,152.710007,153.460007,151.800003,152.25,125.545815,986100
2017-02-23,152.869995,153.309998,148.550003,149.110001,122.956551,1252700
2017-02-24,148.5,149.940002,147.929993,149.940002,123.641014,869200
2017-02-27,149.740005,150.710007,149.020004,149.910004,123.616234,728700
2017-02-28,149.600006,149.889999,148.119995,148.490005,122.445335,1125400
2017-03-01,150.940002,153.229996,150.240005,152.850006,126.040588,1071400
2017-03-02,152.619995,152.619995,150.619995,150.839996,124.383087,1060600
2017-03-03,151.360001,152.360001,150.919998,151.940002,125.290169,913300
2017-03-06,151.070007,152.699997,151.039993,152.429993,125.694229,839900
2017-03-07,152.100006,152.679993,150.940002,152.100006,125.422104,907500
2017-03-08,151.970001,152.690002,150.929993,151.169998,124.655228,810400
2017-03-09,150.690002,151.75,147.789993,148.839996,122.733955,1829900
2017-03-10,150.119995,151.630005,149.5,151.5,124.927345,1017700
2017-03-13,151.779999,152.919998,151.509995,152.800003,125.999329,1082500
2017-03-14,151.389999,151.660004,149.240005,150.880005,124.416092,760700
2017-03-15,151.889999,155.279999,151.449997,154.350006,127.277473,1014300
2017-03-16,154.860001,155.460007,153.779999,153.990005,126.980591,976800
2017-03-17,154.949997,155.509995,153.809998,154.509995,127.409431,1779800
2017-03-20,154.509995,155.220001,153.919998,154.289993,127.227997,945100
2017-03-21,154.699997,155.190002,150.360001,150.710007,124.275932,1020200
2017-03-22,150.440002,152.320007,150.220001,151.860001,125.224205,816100
2017-03-23,151.660004,153.270004,151.050003,152.220001,125.521049,802500
2017-03-24,152.240005,152.869995,150.139999,150.770004,124.325401,966700
2017-03-27,148.669998,150.100006,147.470001,149.660004,123.410103,1214500
2017-03-28,149.669998,152.179993,149.130005,151.690002,125.084061,1424700
2017-03-29,151.389999,152.350006,151.169998,151.710007,125.10051,777200
2017-03-30,151.669998,152.339996,151.020004,151.960007,125.306679,659500
2017-03-31,151.240005,152.380005,150.839996,151.199997,124.680023,849400
2017-04-03,151.550003,151.720001,148.509995,149.720001,123.459572,1022900
2017-04-04,149.720001,150.389999,148.830002,150.110001,123.781197,987600
2017-04-05,151.380005,153.029999,149.360001,149.820007,123.542,1201400
2017-04-06,150.029999,150.809998,149.149994,149.979996,123.673935,778600
2017-04-07,149.619995,151.039993,149.399994,149.440002,123.228706,671100
2017-04-10,149.910004,151.559998,149.100006,149.139999,122.981331,1234600
2017-04-11,149.100006,150.639999,146.529999,150.479996,124.086288,1449400
2017-04-12,150.460007,150.460007,146.559998,146.919998,121.150665,1536100
2017-04-13,147.5,148.509995,144.539993,144.570007,119.212845,1553700
2017-04-17,146.009995,147.070007,145.279999,147.0,121.216675,1097800
2017-04-18,145.229996,146.320007,144.029999,145.070007,119.625137,1376800
2017-04-19,145.919998,146.240005,143.830002,144.339996,119.023201,1610600
2017-04-20,145.339996,146.839996,144.979996,146.139999,120.507454,1118500
2017-04-21,146.139999,147.0,144.460007,145.559998,120.029236,1337900
2017-04-24,148.0,149.460007,147.919998,149.100006,122.948334,1500200
2017-04-25,150.259995,153.649994,150.259995,152.110001,125.430351,2131000
2017-04-26,151.839996,153.130005,151.0,152.070007,125.3974,1102100
2017-04-27,152.460007,152.580002,150.220001,151.059998,124.564522,1002100
2017-04-28,151.460007,152.229996,150.369995,150.940002,124.465599,1100900
2017-05-01,151.809998,152.470001,149.850006,151.330002,124.78714,1998500
2017-05-02,162.75,163.360001,159.460007,160.559998,132.398254,4157200
2017-05-03,159.449997,160.179993,157.399994,158.630005,130.806793,1896900
2017-05-04,159.160004,159.619995,155.410004,156.039993,128.671051,2153300
2017-05-05,156.309998,156.619995,154.809998,155.479996,128.20929,1342100
2017-05-08,155.330002,156.289993,154.710007,156.289993,128.877213,1919200
2017-05-09,156.509995,158.110001,156.25,157.75,130.081161,1351900
2017-05-10,157.75,159.690002,157.300003,159.240005,131.309769,2158600
2017-05-11,158.580002,159.809998,156.429993,158.850006,130.98822,2162600
2017-05-12,158.270004,159.149994,156.460007,156.979996,129.446198,1744900
2017-05-15,157.949997,158.369995,156.289993,156.600006,129.132828,1665200
2017-05-16,156.75,157.490005,155.380005,157.419998,129.809021,1224200
2017-05-17,156.399994,156.399994,153.240005,153.309998,127.248451,1272400
2017-05-18,152.270004,152.710007,150.070007,151.839996,126.028336,1378800
2017-05-19,152.830002,155.809998,152.389999,154.899994,128.568146,1689100
2017-05-22,155.649994,156.889999,155.039993,155.389999,128.974869,1306100
2017-05-23,155.559998,155.990005,154.820007,155.300003,128.900162,1158600
2017-05-24,155.160004,155.979996,154.100006,155.080002,128.717575,1195500
2017-05-25,155.710007,156.669998,155.259995,155.860001,129.364944,1491300
2017-05-26,155.800003,157.25,155.729996,156.639999,130.012375,630000
2017-05-30,156.240005,157.970001,156.059998,157.339996,130.593369,1231700
2017-05-31,157.389999,158.119995,155.860001,157.699997,130.892166,1462800
2017-06-01,158.529999,161.630005,157.75,160.630005,133.324112,1413300
2017-06-02,160.380005,161.869995,157.970001,158.139999,131.257355,2053900
2017-06-05,158.0,158.179993,155.929993,156.100006,129.564178,1498400
2017-06-06,155.779999,157.919998,155.009995,157.160004,130.443939,1351800
2017-06-07,157.479996,157.5,155.179993,156.279999,129.713562,1403600
2017-06-08,156.279999,159.119995,155.800003,158.369995,131.448273,1066800
2017-06-09,158.149994,160.380005,158.089996,159.229996,132.162094,972200
2017-06-12,159.229996,160.710007,158.289993,160.449997,133.174713,1198800
2017-06-13,160.460007,160.869995,159.169998,160.389999,133.124893,993300
2017-06-14,161.089996,161.089996,158.399994,159.490005,132.37793,977600
2017-06-15,158.009995,162.320007,158.0,161.699997,134.212219,1508700
2017-06-16,161.779999,162.190002,160.720001,161.559998,134.096024,1282000
2017-06-19,162.130005,164.229996,161.75,164.100006,136.204208,1598500
2017-06-20,163.089996,163.850006,161.449997,162.490005,134.86792,1389400
2017-06-21,163.619995,163.619995,158.539993,159.190002,132.12886,1194200
2017-06-22,160.130005,160.149994,158.759995,158.960007,131.937973,716300
2017-06-23,158.850006,159.869995,158.5,159.139999,132.087372,2139700
2017-06-26,159.160004,160.320007,158.070007,158.899994,131.888214,847300
2017-06-27,159.039993,160.039993,157.779999,158.199997,131.307205,1278700
2017-06-28,159.600006,161.869995,158.789993,161.570007,134.104309,1028400
2017-06-29,161.809998,162.240005,159.199997,160.119995,132.900787,944800
2017-06-30,160.720001,163.279999,160.130005,162.220001,134.643814,985300
2017-07-03,162.149994,163.889999,161.369995,163.360001,135.590027,963900
2017-07-05,163.380005,164.440002,162.779999,164.100006,136.204208,1162500
2017-07-06,163.979996,165.949997,163.220001,164.210007,136.295547,1457100
2017-07-07,165.0,165.710007,162.649994,164.699997,136.702255,1037200
2017-07-10,164.449997,166.300003,164.229996,165.080002,137.017609,991200
2017-07-11,165.029999,165.210007,163.860001,164.770004,136.760361,1006800
2017-07-12,165.970001,166.839996,165.190002,165.320007,137.216858,907800
2017-07-13,165.880005,166.210007,164.649994,165.169998,137.092361,1326900
2017-07-14,165.479996,166.539993,164.509995,165.860001,137.665024,904700
2017-07-17,165.589996,167.169998,165.589996,166.139999,137.897446,1046200
2017-07-18,165.630005,166.130005,163.759995,164.820007,136.801819,876500
2017-07-19,164.830002,165.050003,164.039993,164.639999,136.652435,1261500
2017-07-20,164.919998,165.589996,163.850006,164.429993,136.478119,1365500
2017-07-21,163.850006,165.410004,163.389999,165.220001,137.13382,1181700
2017-07-24,165.360001,166.910004,164.949997,166.470001,138.171341,1316000
2017-07-25,168.350006,170.679993,167.009995,167.699997,139.19223,1574800
2017-07-26,168.380005,168.380005,165.839996,165.970001,137.756332,1075300
2017-07-27,166.270004,167.339996,165.339996,165.779999,137.598618,1210700
2017-07-28,165.559998,167.529999,165.179993,167.220001,138.793869,858100
2017-07-31,168.110001,169.740005,167.470001,167.899994,139.358215,1730700
2017-08-01,159.880005,161.089996,154.0,157.479996,130.709595,5480100
2017-08-02,157.679993,158.830002,156.419998,157.779999,130.958588,2115500
2017-08-03,158.360001,158.770004,156.149994,157.740005,130.925369,1514100
2017-08-04,158.270004,160.589996,157.800003,160.160004,132.934006,1523500
2017-08-07,159.350006,160.720001,159.100006,160.029999,132.826096,968600
2017-08-08,159.729996,161.050003,159.330002,159.820007,132.651794,1294400
2017-08-09,159.320007,160.339996,158.559998,159.399994,132.303162,1126800
2017-08-10,158.309998,158.759995,155.550003,155.830002,129.339996,1728800
2017-08-11,155.100006,155.899994,154.669998,155.649994,129.190643,1554800
2017-08-14,157.210007,157.229996,155.75,156.240005,129.680344,1672400
2017-08-15,156.470001,156.699997,155.220001,155.589996,129.140823,1308400
2017-08-16,155.25,155.5,154.110001,154.380005,129.032166,1184500
2017-08-17,154.050003,154.429993,151.199997,151.279999,126.441193,2170200
2017-08-18,151.059998,152.639999,150.25,150.789993,126.031647,1467300
2017-08-21,151.0,152.5,150.630005,152.059998,127.093102,1129400
2017-08-22,152.520004,153.710007,152.520004,153.100006,127.962402,1220200
2017-08-23,152.479996,153.270004,151.789993,152.380005,127.360588,957900
2017-08-24,152.509995,152.770004,150.889999,151.800003,126.875786,1074800
2017-08-25,152.289993,153.029999,151.740005,152.100006,127.126549,808800
2017-08-28,152.910004,153.110001,152.509995,152.710007,127.636429,702500
2017-08-29,152.0,155.029999,152.0,154.839996,129.416672,1601000
2017-08-30,155.0,157.979996,154.479996,157.789993,131.882278,1580100
2017-08-31,158.240005,159.990005,157.899994,159.380005,133.211258,1405100
2017-09-01,159.270004,160.419998,159.199997,159.360001,133.194519,756300
2017-09-05,159.410004,160.600006,158.419998,159.070007,132.952164,1429600
2017-09-06,159.820007,160.369995,159.070007,159.479996,133.2948,1358200
2017-09-07,160.080002,162.100006,159.199997,161.850006,135.275711,1288400
2017-09-08,161.339996,164.240005,160.979996,162.820007,136.086472,1007300
2017-09-11,161.580002,164.970001,161.570007,164.669998,137.632645,1173400
2017-09-12,165.0,166.080002,164.669998,165.509995,138.334763,856000
2017-09-13,164.710007,166.759995,164.710007,166.509995,139.170547,869900
2017-09-14,166.160004,167.419998,165.800003,166.679993,139.312698,1045700
2017-09-15,164.089996,165.710007,163.759995,165.229996,138.100708,2322100
2017-09-18,165.830002,168.380005,165.309998,166.940002,139.529968,1462100
2017-09-19,167.440002,167.820007,166.830002,167.5,139.998001,1119900
2017-09-20,167.350006,168.5,166.550003,167.220001,139.763992,891200
2017-09-21,166.630005,167.029999,165.869995,166.479996,139.145477,1021700
2017-09-22,166.889999,168.660004,166.699997,167.979996,140.399185,925000
2017-09-25,168.080002,168.399994,165.789993,167.779999,140.232056,987400
2017-09-26,168.199997,169.279999,167.649994,167.800003,140.248779,774200
2017-09-27,168.690002,169.009995,167.009995,168.350006,140.708466,771100
2017-09-28,167.820007,168.899994,167.710007,168.330002,140.691742,731900
2017-09-29,168.270004,169.300003,167.809998,168.029999,140.441025,755300
2017-10-02,168.449997,169.360001,167.399994,169.330002,141.527512,953100
2017-10-03,169.369995,170.869995,169.350006,170.820007,142.772919,1027600
2017-10-04,171.0,172.720001,170.830002,171.75,143.550201,1170100
2017-10-05,171.460007,172.160004,170.800003,171.710007,143.516769,740600
2017-10-06,171.619995,172.509995,170.919998,172.110001,143.851105,903000
2017-10-09,172.520004,172.740005,171.369995,171.740005,143.54184,688700
2017-10-10,172.800003,173.149994,171.369995,172.960007,144.561584,819200
2017-10-11,172.960007,172.960007,171.699997,172.330002,144.034988,672000
2017-10-12,171.0,172.759995,170.949997,171.910004,143.683929,619300
2017-10-13,172.850006,174.169998,172.380005,172.619995,144.277359,709800
2017-10-16,173.410004,174.360001,172.589996,174.130005,145.539413,966600
2017-10-17,174.100006,175.320007,173.889999,174.720001,146.032562,684100
2017-10-18,174.720001,175.710007,173.759995,175.020004,146.283279,798200
2017-10-19,175.100006,175.429993,173.550003,175.309998,146.525726,947500
2017-10-20,176.229996,177.300003,175.639999,177.100006,148.02182,668900
2017-10-23,177.5,178.809998,176.880005,177.229996,148.130432,1075500
2017-10-24,178.899994,180.320007,177.449997,178.399994,149.108322,1483700
2017-10-25,177.970001,178.339996,175.740005,176.919998,147.871338,945300
2017-10-26,177.399994,179.270004,176.850006,178.639999,149.308914,782300
2017-10-27,178.229996,179.529999,177.389999,179.5,150.02771,1001900
2017-10-30,178.820007,180.860001,178.520004,180.350006,150.738159,1701100
2017-10-31,176.559998,177.949997,172.110001,176.880005,147.837906,2881600
2017-11-01,179.259995,181.789993,172.570007,172.830002,144.452896,2147400
2017-11-02,173.009995,173.309998,171.039993,173.289993,144.837402,2837700
2017-11-03,173.779999,174.649994,172.740005,173.070007,144.653488,1465000
2017-11-06,173.25,173.649994,172.570007,172.589996,144.252289,844500
2017-11-07,172.600006,173.220001,171.559998,171.860001,143.642151,1139600
2017-11-08,171.860001,172.070007,170.539993,171.380005,143.240952,1214700
2017-11-09,170.550003,170.740005,166.509995,167.960007,140.382477,1867200
2017-11-10,167.289993,169.080002,166.800003,168.949997,141.209915,1350900
2017-11-13,168.75,169.910004,168.119995,169.199997,141.418884,1602200
2017-11-14,168.830002,170.399994,168.669998,169.119995,141.35199,1431000
2017-11-15,168.630005,168.800003,166.149994,166.839996,139.446396,1808800
2017-11-16,167.429993,168.690002,165.759995,167.130005,140.598923,2264200
2017-11-17,163.0,163.960007,158.75,159.410004,134.104401,3529900
2017-11-20,160.470001,161.619995,159.169998,159.800003,134.43251,2484600
2017-11-21,161.199997,161.660004,160.059998,160.639999,135.13913,1521800
2017-11-22,161.449997,163.949997,161.130005,163.389999,137.452606,1803000
2017-11-24,163.460007,163.850006,160.070007,160.660004,135.155991,942400
2017-11-27,160.660004,162.100006,160.649994,161.160004,135.576599,1149200
2017-11-28,162.529999,164.979996,161.779999,164.520004,138.403229,1474900
2017-11-29,164.5,165.220001,163.020004,164.520004,138.403229,1362600
2017-11-30,165.029999,167.75,165.0,167.399994,140.826004,1913000
2017-12-01,166.729996,167.089996,161.25,165.009995,138.815445,1912300
2017-12-04,166.160004,168.449997,164.960007,164.960007,138.773392,1589600
2017-12-05,164.649994,166.220001,164.309998,164.839996,138.672424,1147400
2017-12-06,164.919998,166.380005,164.080002,165.380005,139.126678,1333600
2017-12-07,166.089996,169.820007,166.0,169.300003,142.424454,1883800
2017-12-08,169.380005,170.880005,169.100006,170.880005,143.753662,1115100
2017-12-11,170.949997,171.559998,170.050003,170.770004,143.661057,1209600
2017-12-12,170.910004,171.020004,168.940002,169.220001,142.357101,1854200
2017-12-13,169.0,170.880005,168.210007,169.580002,142.660004,1185400
2017-12-14,170.149994,170.5,168.100006,168.550003,141.793472,1136400
2017-12-15,169.649994,171.0,169.009995,169.630005,142.701996,1768400
2017-12-18,170.929993,173.460007,170.490005,172.039993,144.729462,1184900
2017-12-19,173.240005,174.380005,172.339996,174.0,146.378311,1163900
2017-12-20,174.990005,175.660004,173.410004,175.149994,147.345779,1072200
2017-12-21,174.990005,175.139999,172.559998,174.660004,146.933533,1087500
2017-12-22,175.119995,176.169998,174.369995,175.759995,147.858948,504400
2017-12-26,175.949997,176.630005,175.649994,176.139999,148.178604,383400
2017-12-27,176.5,177.309998,175.630005,176.240005,148.262741,664000
2017-12-28,176.240005,177.289993,175.690002,177.199997,149.070343,678200
2017-12-29,177.729996,177.919998,176.5,176.639999,148.599243,553300
2018-01-02,177.509995,178.220001,176.300003,177.059998,148.952545,1047400
2018-01-03,177.339996,179.199997,176.869995,179.009995,150.593018,932600
2018-01-04,179.619995,181.850006,179.229996,181.75,152.898071,1433800
2018-01-05,182.020004,182.300003,180.110001,181.460007,152.654099,1123000
2018-01-08,181.130005,182.380005,180.259995,182.119995,153.20932,1435000
2018-01-09,182.479996,183.339996,181.660004,181.960007,153.074738,1610400
2018-01-10,181.860001,182.179993,180.070007,180.559998,151.896927,910800
2018-01-11,181.240005,184.509995,180.649994,183.899994,154.706741,1216900
2018-01-12,183.889999,185.100006,183.5,184.179993,154.942307,1469200
2018-01-16,184.809998,184.910004,181.389999,182.550003,153.571091,1449200
2018-01-17,182.740005,184.339996,182.399994,183.690002,154.530075,1049400
2018-01-18,183.369995,185.279999,183.300003,183.720001,154.555328,873700
2018-01-19,187.160004,189.570007,186.669998,189.080002,159.064468,1807400
2018-01-22,188.800003,189.600006,187.600006,189.580002,159.485077,1237600
2018-01-23,189.990005,190.339996,188.020004,188.429993,158.517609,1031300
2018-01-24,189.220001,191.020004,188.059998,188.350006,158.450302,1352800
2018-01-25,189.979996,189.979996,186.649994,189.399994,159.333618,1430300
2018-01-26,190.279999,192.529999,189.110001,192.5,161.941528,1120200
2018-01-29,192.050003,194.179993,190.070007,190.809998,160.519791,1289500
2018-01-30,189.220001,189.240005,185.460007,187.25,157.524933,1427500
2018-01-31,188.899994,191.210007,187.320007,188.0,158.155899,1466800
2018-02-01,187.669998,190.25,185.940002,189.169998,159.140182,927600
2018-02-02,188.289993,189.0,184.020004,184.309998,155.051666,1574500
2018-02-05,183.240005,187.360001,179.009995,179.009995,150.593018,2188500
2018-02-06,173.600006,180.869995,169.240005,174.830002,147.076553,3500800
2018-02-07,175.899994,179.669998,172.570007,172.740005,145.318344,2542200
2018-02-08,172.850006,173.5,165.699997,165.729996,139.421097,2393300
2018-02-09,168.880005,168.880005,159.360001,164.050003,138.007828,2808700
2018-02-12,165.529999,167.600006,164.490005,165.770004,139.454788,1912300
2018-02-13,165.460007,166.029999,164.100006,165.630005,139.337067,1176400
2018-02-14,164.229996,166.830002,163.100006,166.0,139.648254,1933000
2018-02-15,167.550003,167.979996,163.339996,165.020004,138.823853,1881200
2018-02-16,164.929993,167.559998,164.389999,165.600006,139.311798,1421100
2018-02-20,166.339996,167.830002,165.270004,166.820007,140.33812,1540700
2018-02-21,167.509995,169.210007,166.240005,166.279999,139.883804,1602900
2018-02-22,166.220001,168.720001,166.039993,167.020004,141.424927,1151500
2018-02-23,168.449997,169.789993,167.550003,169.529999,143.550278,1775600
2018-02-26,170.479996,172.119995,169.229996,171.639999,145.336899,1386400
2018-02-27,171.720001,173.320007,170.039993,170.059998,143.999023,1528800
2018-02-28,171.080002,172.009995,167.600006,168.169998,142.398697,1747500
2018-03-01,168.0,168.399994,160.179993,160.889999,136.234314,2848100
2018-03-02,159.940002,160.139999,154.580002,158.940002,134.58313,3080800
2018-03-05,158.0,161.139999,157.399994,160.940002,136.276642,1937100
2018-03-06,162.399994,163.860001,160.529999,160.649994,136.031067,1609900
2018-03-07,158.339996,160.660004,157.130005,159.25,134.845657,2416700
2018-03-08,159.460007,160.600006,157.990005,159.199997,134.803314,1987400
2018-03-09,160.509995,163.520004,159.830002,162.369995,137.487518,1646700
2018-03-12,162.360001,162.699997,159.080002,160.059998,135.531494,1694400
2018-03-13,161.0,162.979996,159.919998,160.350006,135.777069,1768400
2018-03-14,161.220001,161.600006,159.089996,159.610001,135.150482,1185800
2018-03-15,159.929993,160.970001,159.149994,160.160004,135.616211,1090200
2018-03-16,160.210007,163.729996,159.740005,162.570007,137.656876,4145000
2018-03-19,162.850006,163.220001,158.449997,159.610001,135.150482,2374900
2018-03-20,160.259995,162.479996,159.759995,161.0,136.327484,1189200
2018-03-21,160.929993,163.070007,160.25,161.479996,136.733932,1553600
2018-03-22,159.740005,160.279999,157.529999,157.550003,133.406158,2015300
2018-03-23,158.169998,159.190002,155.270004,155.419998,131.602539,1468100
2018-03-26,159.130005,161.119995,156.949997,160.720001,136.090378,1550600
2018-03-27,161.130005,162.229996,158.360001,158.75,134.422241,1905900
2018-03-28,158.449997,161.660004,158.449997,159.669998,135.201263,1554500
2018-03-29,160.770004,163.710007,160.770004,162.089996,137.250443,1495700
2018-04-02,161.509995,162.0,156.0,158.729996,134.405304,1300800
2018-04-03,159.479996,160.630005,157.550003,160.100006,135.565369,1475200
2018-04-04,155.580002,161.289993,155.580002,160.949997,136.285156,1476700
2018-04-05,162.149994,163.639999,161.520004,162.419998,137.529861,1910000
2018-04-06,161.309998,161.949997,156.199997,157.899994,133.702484,1397900
2018-04-09,158.020004,159.610001,156.279999,156.5,132.517044,1306900
2018-04-10,158.889999,162.839996,158.559998,161.919998,137.106491,1697800
2018-04-11,160.479996,161.729996,158.419998,158.860001,134.515396,1342000
2018-04-12,160.0,162.770004,159.600006,161.789993,136.996414,1464500
2018-04-13,162.990005,163.850006,161.869995,162.389999,137.504456,1123900
2018-04-16,164.429993,167.899994,164.100006,166.669998,141.128555,1774200
2018-04-17,168.440002,169.270004,167.160004,167.470001,141.805984,1252400
2018-04-18,168.479996,172.080002,167.710007,170.830002,144.651093,1719500
2018-04-19,170.610001,171.270004,168.190002,169.520004,143.541809,1598300
2018-04-20,169.919998,170.229996,168.0,168.770004,142.906723,825700
2018-04-23,168.949997,170.039993,167.949997,169.020004,143.118439,1070700
2018-04-24,170.470001,171.899994,157.210007,161.330002,136.606918,2623300
2018-04-25,160.850006,163.350006,159.399994,162.139999,137.29277,1672500
2018-04-26,162.25,163.339996,160.210007,161.990005,137.165771,1229300
2018-04-27,161.479996,162.899994,159.220001,160.820007,136.175049,2119200
2018-04-30,161.720001,163.460007,159.070007,159.860001,135.362152,1950100
2018-05-01,153.940002,155.0,149.100006,153.279999,129.790482,4037300
2018-05-02,150.270004,151.550003,145.470001,146.119995,123.727753,3582600
2018-05-03,144.630005,145.429993,140.600006,143.550003,121.551628,3231600
2018-05-04,142.429993,145.470001,142.039993,144.550003,122.398369,2146900
2018-05-07,145.320007,146.710007,144.839996,144.960007,122.745514,2078200
2018-05-08,145.429993,147.740005,144.580002,145.990005,123.617676,1380300
2018-05-09,146.229996,147.630005,145.210007,146.520004,124.066422,1291700
2018-05-10,146.869995,147.279999,145.369995,146.119995,123.727753,1325800
2018-05-11,146.160004,148.990005,145.5,146.25,123.837807,1516300
2018-05-14,146.300003,147.199997,144.360001,144.869995,122.669312,1434700
2018-05-15,144.009995,146.520004,143.779999,146.440002,123.998726,1498600
2018-05-16,146.520004,147.970001,146.520004,147.179993,124.625282,1084900
2018-05-17,146.059998,147.800003,145.479996,146.360001,124.847107,930300
2018-05-18,146.139999,149.539993,146.139999,148.899994,127.013741,1643100
2018-05-21,150.0,151.5,149.800003,151.0,128.805054,1278400
2018-05-22,151.029999,151.419998,149.050003,149.059998,127.150238,653000
2018-05-23,148.5,149.259995,147.070007,149.059998,127.150238,1323100
2018-05-24,148.929993,149.699997,147.779999,148.380005,126.570198,821800
2018-05-25,147.770004,148.279999,145.800003,146.539993,125.000656,1057300
2018-05-29,146.020004,146.100006,142.630005,144.5,123.260498,1873600
2018-05-30,145.0,146.009995,143.660004,145.479996,124.096397,1573500
2018-05-31,145.5,145.929993,141.860001,142.389999,121.460625,1382200
2018-06-01,143.589996,144.809998,142.850006,143.580002,122.475731,1034000
2018-06-04,144.320007,144.589996,141.940002,142.300003,121.383865,830500
2018-06-05,142.25,142.770004,140.729996,141.570007,120.761147,1751000
2018-06-06,142.020004,143.630005,141.429993,143.550003,122.450127,1796000
2018-06-07,144.0,144.570007,143.380005,143.860001,122.714546,1152000
2018-06-08,143.479996,144.5,142.289993,143.679993,122.56102,1337700
2018-06-11,143.559998,145.190002,143.559998,144.559998,123.311684,759600
2018-06-12,144.690002,145.179993,143.380005,143.589996,122.484245,1230700
2018-06-13,143.339996,143.470001,141.25,141.559998,120.752647,1204000
2018-06-14,141.600006,143.229996,141.279999,141.889999,121.034119,906500
2018-06-15,141.100006,143.229996,139.679993,143.130005,122.091858,1733500
2018-06-18,141.910004,142.860001,140.679993,142.410004,121.477692,1194700
2018-06-19,140.970001,141.690002,139.130005,139.770004,119.225754,1569200
2018-06-20,139.809998,139.880005,137.660004,138.580002,118.210655,1366000
2018-06-21,137.809998,138.009995,135.020004,135.240005,115.361588,1712600
2018-06-22,136.559998,137.520004,135.550003,136.050003,116.052536,1666700
2018-06-25,134.789993,135.669998,132.880005,134.149994,114.431808,1527600
2018-06-26,134.770004,136.690002,133.339996,133.940002,114.252663,1555100
2018-06-27,134.199997,136.570007,132.25,132.320007,112.870804,1340800
2018-06-28,131.649994,133.949997,131.580002,133.240005,113.655571,1002200
2018-06-29,133.720001,134.970001,132.899994,133.0,113.450813,1094100
2018-07-02,131.580002,132.589996,130.839996,132.25,112.811066,1177100
2018-07-03,132.910004,133.300003,130.960007,131.050003,111.78746,715200
2018-07-05,131.839996,131.960007,130.600006,131.460007,112.137215,1624700
2018-07-06,131.240005,132.029999,129.899994,131.399994,112.085991,1543700
2018-07-09,132.199997,135.479996,132.050003,135.149994,115.284782,2028000
2018-07-10,137.770004,138.389999,136.0,137.190002,117.024956,1719900
2018-07-11,135.809998,135.949997,133.919998,134.089996,114.380623,1202900
2018-07-12,135.050003,135.160004,133.360001,134.490005,114.721817,1150800
2018-07-13,134.75,137.539993,134.710007,136.860001,116.743484,963200
2018-07-16,136.860001,136.860001,134.479996,134.679993,114.883896,781400
2018-07-17,134.179993,136.070007,134.169998,135.880005,115.907501,824000
2018-07-18,135.990005,138.669998,135.589996,137.729996,117.485588,931400
2018-07-19,136.529999,138.380005,136.039993,137.820007,117.562386,988700
2018-07-20,136.720001,136.899994,135.009995,135.809998,115.847801,1510000
2018-07-23,134.889999,135.710007,134.5,134.720001,114.918007,1206500
2018-07-24,136.0,137.5,135.020004,135.589996,115.660126,2157900
2018-07-25,135.009995,136.029999,133.440002,135.809998,115.847801,1167600
2018-07-26,136.259995,138.949997,136.059998,137.600006,117.374725,1185600
2018-07-27,137.729996,139.139999,136.979996,138.960007,118.534798,1426000
2018-07-30,140.5,141.690002,136.899994,137.210007,117.042007,1585900
2018-07-31,136.899994,144.270004,134.600006,142.809998,121.818916,4313600
2018-08-01,141.380005,142.570007,138.940002,139.720001,119.183067,1915400
2018-08-02,138.830002,140.610001,137.339996,139.789993,119.242821,1220000
2018-08-03,140.649994,141.919998,139.619995,141.610001,120.795265,1649100
2018-08-06,141.699997,142.479996,140.759995,141.850006,120.999969,1008800
2018-08-07,142.710007,144.470001,142.369995,143.580002,122.475731,995800
2018-08-08,143.619995,144.389999,142.149994,142.229996,121.324165,1121900
2018-08-09,142.410004,142.759995,141.550003,142.020004,121.144997,861200
2018-08-10,141.360001,141.75,139.820007,140.289993,119.669296,876300
2018-08-13,140.669998,141.220001,138.690002,139.699997,119.166039,1111000
2018-08-14,139.899994,140.490005,138.699997,138.990005,118.560394,1280500
2018-08-15,138.199997,138.419998,135.619995,138.039993,117.750031,1648100
2018-08-16,138.740005,141.279999,138.720001,140.759995,120.070221,1141500
2018-08-17,140.570007,143.850006,140.570007,143.350006,122.279533,987500
2018-08-20,144.0,145.960007,144.0,145.389999,124.019646,1247800
2018-08-21,144.029999,145.940002,144.029999,145.289993,124.913795,1603100
2018-08-22,145.0,145.529999,144.199997,144.809998,124.501129,1435500
2018-08-23,144.5,144.809998,141.169998,141.429993,121.595169,1421200
2018-08-24,138.529999,141.190002,137.630005,140.990005,121.216873,1265000
2018-08-27,141.830002,144.740005,141.820007,144.029999,123.830536,1066200
2018-08-28,145.009995,145.979996,144.339996,144.770004,124.466774,1463400
2018-08-29,145.089996,145.270004,142.5,143.910004,123.727348,1110400
2018-08-30,143.690002,143.940002,141.229996,141.559998,121.70694,1340500
2018-08-31,141.100006,142.220001,140.789993,141.800003,121.913269,1285900
2018-09-04,141.179993,141.979996,139.039993,139.990005,120.357162,1618500
2018-09-05,139.669998,142.580002,139.149994,142.440002,122.463493,1994500
2018-09-06,141.610001,143.539993,140.169998,140.910004,121.148094,1304000
2018-09-07,140.759995,142.759995,139.289993,141.029999,121.251259,1322100
2018-09-10,141.220001,144.0,141.199997,142.410004,122.437729,890200
2018-09-11,141.490005,143.539993,140.300003,143.050003,122.987984,1006800
2018-09-12,141.75,142.649994,139.279999,142.070007,122.145409,1557900
2018-09-13,143.149994,144.0,141.229996,142.259995,122.308739,1436100
2018-09-14,142.399994,143.389999,141.559998,143.199997,123.11692,1026600
2018-09-17,143.199997,145.669998,143.199997,144.490005,124.226021,1084800
2018-09-18,144.449997,145.919998,143.089996,145.580002,125.163155,1240300
2018-09-19,145.869995,149.419998,145.339996,148.330002,127.527473,1251900
2018-09-20,149.529999,151.869995,149.289993,150.839996,129.68544,1547200
2018-09-21,151.279999,151.830002,150.0,151.020004,129.840225,2175000
2018-09-24,150.520004,150.669998,148.619995,149.080002,128.172302,1922100
2018-09-25,149.070007,149.720001,147.690002,148.220001,127.432922,1477800
2018-09-26,148.020004,148.75,146.830002,147.029999,126.409782,987200
2018-09-27,147.25,148.339996,146.130005,147.190002,126.547348,920800
2018-09-28,146.5,146.779999,145.589996,146.070007,125.584442,1880900
2018-10-01,147.770004,149.020004,147.25,147.990005,127.235161,1207200
2018-10-02,148.350006,149.809998,147.610001,148.949997,128.060532,1025000
2018-10-03,149.130005,151.860001,148.660004,150.589996,129.470505,1082700
2018-10-04,152.669998,153.470001,151.360001,152.490005,131.10408,1578900
2018-10-05,152.320007,152.940002,150.229996,151.279999,130.063766,1280500
2018-10-08,150.440002,153.289993,150.100006,152.839996,131.404968,1821400
2018-10-09,153.270004,153.940002,149.610001,150.830002,129.67688,1420200
2018-10-10,151.0,151.0,147.259995,147.860001,127.123383,1802900
2018-10-11,147.25,149.229996,144.580002,145.470001,125.068588,1712900
2018-10-12,147.589996,147.830002,143.070007,145.240005,124.870827,1795300
2018-10-15,145.410004,147.779999,145.210007,146.059998,125.575829,963000
2018-10-16,147.369995,147.669998,145.75,147.410004,126.736488,1060900
2018-10-17,146.580002,147.300003,144.589996,146.190002,125.687592,1133900
2018-10-18,145.839996,145.839996,140.600006,141.199997,121.39743,2090700
2018-10-19,141.479996,142.0,139.139999,139.960007,120.331329,1743300
2018-10-22,140.649994,140.649994,138.119995,139.929993,120.305534,1174500
2018-10-23,134.809998,136.020004,131.119995,134.639999,115.757431,2746500
2018-10-24,134.679993,135.440002,127.82,128.070007,110.108849,2133500
2018-10-25,129.580002,131.100006,128.119995,128.369995,110.366745,3334500
2018-10-26,126.809998,129.539993,124.870003,128.770004,110.710663,2180300
2018-10-29,131.059998,134.160004,129.309998,131.380005,112.954628,2336900
2018-10-30,129.729996,134.990005,124.720001,134.399994,115.551086,3202900
2018-10-31,137.110001,139.350006,136.229996,136.690002,117.519928,3325100
2018-11-01,137.690002,144.240005,137.520004,142.190002,122.248581,1520300
2018-11-02,143.160004,144.720001,141.25,141.830002,121.939095,1356000
2018-11-05,141.800003,144.960007,141.399994,143.830002,123.658592,1425400
2018-11-06,142.899994,145.800003,142.470001,145.110001,124.759041,855200
2018-11-07,146.759995,146.830002,143.190002,146.729996,126.151878,1855800
2018-11-08,146.080002,147.919998,145.240005,146.25,125.739174,1176700
2018-11-09,144.929993,145.850006,141.940002,143.070007,123.005157,2661700
2018-11-12,143.589996,145.639999,142.279999,144.360001,124.11425,949700
2018-11-13,145.070007,147.610001,144.039993,144.5,124.234627,1593100
2018-11-14,144.800003,147.509995,144.190002,145.839996,126.383766,1288400
2018-11-15,144.339996,148.729996,143.479996,147.460007,127.787628,2057900
2018-11-16,147.300003,149.029999,146.919998,147.110001,127.484322,1814700
2018-11-19,146.149994,147.649994,145.259995,145.720001,126.279739,2223400
2018-11-20,144.630005,145.080002,141.130005,143.169998,124.069962,1312400
2018-11-21,143.330002,147.240005,142.830002,145.0,125.655792,867700
2018-11-23,143.910004,145.690002,143.779999,144.809998,125.49115,451700
2018-11-26,146.259995,148.850006,145.850006,147.190002,127.553665,1119000
2018-11-27,146.460007,147.369995,144.330002,145.179993,125.81179,1358700
2018-11-28,145.820007,148.559998,143.669998,148.559998,128.74086,860400
2018-11-29,148.369995,149.089996,146.779999,148.199997,128.42894,997500
2018-11-30,148.259995,151.580002,148.179993,151.059998,130.907364,1415800
2018-12-03,154.860001,156.490005,151.330002,152.470001,132.129257,1820400
2018-12-04,151.919998,151.919998,146.190002,146.369995,126.84304,1674300
2018-12-06,142.949997,143.380005,137.559998,142.289993,123.307358,1945700
2018-12-07,142.490005,144.889999,137.580002,138.600006,120.10965,1329900
2018-12-10,137.490005,138.410004,133.610001,136.289993,118.107796,1275200
2018-12-11,138.570007,139.350006,133.309998,134.399994,116.469948,1173200
2018-12-12,136.360001,138.330002,135.830002,135.970001,117.830505,1410200
2018-12-13,136.449997,137.589996,133.830002,134.470001,116.530609,1426400
2018-12-14,132.860001,135.619995,132.380005,133.839996,115.98465,1110600
2018-12-17,133.449997,135.380005,130.929993,131.449997,113.913513,1539000
2018-12-18,132.850006,134.25,129.940002,131.339996,113.818184,1618400
2018-12-19,131.649994,135.399994,129.25,130.889999,113.4282,2176900
2018-12-20,129.889999,133.029999,128.5,130.110001,112.752281,1646900
2018-12-21,130.240005,133.199997,127.720001,128.220001,111.114418,2362000
2018-12-24,127.959999,128.009995,125.419998,125.489998,108.748596,904300
2018-12-26,125.660004,131.130005,124.400002,131.070007,113.58419,1460600
2018-12-27,128.630005,132.580002,126.019997,132.580002,114.892738,1138600
2018-12-28,133.070007,134.429993,130.759995,131.660004,114.095474,1072000
2018-12-31,132.399994,133.690002,131.869995,133.639999,115.811325,895900
2019-01-02,131.220001,134.130005,130.929993,133.380005,115.586037,1172500
2019-01-03,132.410004,132.830002,130.029999,130.740005,113.298218,1192400
2019-01-04,132.330002,136.289993,132.270004,136.169998,118.003807,1244100
2019-01-07,136.139999,138.720001,135.289993,136.839996,118.584435,1114200
2019-01-08,138.279999,140.059998,136.919998,137.199997,118.8964,1314400
2019-01-09,138.389999,139.139999,136.779999,137.470001,119.130417,1734800
2019-01-10,136.529999,139.490005,135.779999,139.330002,120.742264,1432300
2019-01-11,139.020004,140.100006,138.210007,139.539993,120.924217,1152600
2019-01-14,138.759995,140.539993,137.580002,140.229996,121.522186,1547600
2019-01-15,140.429993,140.649994,138.100006,138.899994,120.369621,1435400
2019-01-16,139.070007,141.699997,138.729996,141.369995,122.510094,1191800
2019-01-17,140.509995,145.610001,140.509995,145.100006,125.74247,1259400
2019-01-18,146.330002,150.729996,146.25,150.559998,130.474091,1963100
2019-01-22,149.470001,149.880005,145.809998,146.179993,126.678413,1869800
2019-01-23,146.720001,147.119995,143.399994,143.449997,124.312553,1650300
2019-01-24,143.339996,144.490005,142.580002,143.889999,124.693932,1480900
2019-01-25,145.979996,147.399994,145.800003,146.839996,127.250343,1026600
2019-01-28,144.130005,144.130005,140.880005,142.820007,123.76664,1294400
2019-01-29,144.089996,146.610001,143.639999,146.380005,126.851723,1075300
2019-01-30,147.740005,147.789993,144.240005,146.360001,126.834381,1158400
2019-01-31,146.169998,147.320007,144.75,147.110001,127.484322,1651600
2019-02-01,147.220001,147.800003,145.800003,146.710007,127.137688,1502200
2019-02-04,146.880005,148.820007,145.910004,148.75,128.905502,1345700
2019-02-05,148.479996,149.919998,147.320007,149.820007,129.832794,1674800
2019-02-06,147.470001,150.970001,146.240005,149.350006,129.425491,2116500
2019-02-07,149.410004,150.740005,148.399994,149.619995,129.659454,1141600
2019-02-08,148.410004,149.259995,146.529999,148.279999,128.498215,891200
2019-02-11,148.160004,149.110001,147.440002,148.179993,128.41156,1272200
2019-02-12,149.110001,152.160004,148.979996,151.789993,131.539978,1129100
2019-02-13,152.440002,153.470001,151.419998,152.710007,132.33728,1137300
2019-02-14,151.580002,152.429993,151.0,151.389999,131.193283,810500
2019-02-15,152.320007,155.5,151.740005,155.470001,134.729034,1350200
2019-02-19,155.080002,155.309998,153.460007,153.660004,133.160492,1820200
2019-02-20,154.110001,155.869995,152.789993,155.389999,134.659744,1497900
2019-02-21,153.490005,155.339996,152.970001,154.070007,134.502579,1163900
2019-02-22,154.559998,156.229996,154.119995,155.440002,135.698593,1384300
2019-02-25,156.899994,157.169998,155.210007,156.080002,136.257324,978800
2019-02-26,154.830002,157.039993,154.029999,155.309998,135.585068,1664300
2019-02-27,155.720001,156.179993,154.0,155.360001,135.628738,1132400
2019-02-28,154.979996,154.979996,153.710007,154.089996,134.520035,1002000
2019-03-01,155.220001,155.910004,153.759995,154.410004,134.799377,1496100
2019-03-04,155.509995,156.130005,153.320007,155.039993,135.34938,1142600
2019-03-05,154.449997,156.179993,154.449997,154.490005,134.869202,1032600
2019-03-06,154.449997,155.419998,153.830002,154.520004,134.895401,1070800
2019-03-07,153.899994,155.080002,151.880005,154.289993,134.694641,1333700
2019-03-08,152.759995,155.199997,152.740005,154.570007,134.939056,1402200
2019-03-11,154.589996,158.240005,154.110001,158.039993,137.968338,1606100
2019-03-12,158.449997,158.889999,157.25,158.419998,138.30011,1924800
2019-03-13,159.0,159.0,156.649994,156.960007,137.025528,1798200
2019-03-14,156.729996,157.830002,156.300003,157.110001,137.156525,1707500
2019-03-15,157.110001,158.089996,156.550003,157.410004,137.418365,3532800
2019-03-18,157.699997,160.610001,157.589996,160.550003,140.159546,1340100
2019-03-19,161.220001,162.339996,159.559998,160.110001,139.775482,1498700
2019-03-20,159.479996,159.770004,156.369995,157.759995,137.723907,1462000
2019-03-21,157.089996,159.199997,157.089996,158.619995,138.474716,711900
2019-03-22,157.639999,157.809998,154.940002,155.630005,135.864426,1348400
2019-03-25,155.5,156.740005,155.389999,156.449997,136.580292,898300
2019-03-26,157.589996,158.339996,155.710007,156.270004,136.423157,981300
2019-03-27,156.470001,156.529999,154.869995,155.550003,135.794586,1371600
2019-03-28,155.899994,156.850006,155.240005,155.990005,136.178726,1199900
2019-03-29,157.25,157.940002,156.389999,157.869995,137.819916,1379600
2019-04-01,159.679993,162.600006,159.350006,162.330002,141.713501,1436600
2019-04-02,162.509995,163.789993,161.630005,161.830002,141.277039,986400
2019-04-03,162.190002,162.770004,160.970001,161.449997,140.945297,640700
2019-04-04,160.949997,163.639999,160.429993,163.429993,142.673813,801600
2019-04-05,163.5,164.429993,162.929993,163.270004,142.534134,948600
2019-04-08,163.0,163.559998,162.160004,163.190002,142.46431,534300
2019-04-09,162.160004,162.860001,160.259995,161.710007,141.172256,911300
2019-04-10,162.320007,163.199997,161.240005,162.539993,141.89682,545800
2019-04-11,162.679993,165.0,162.080002,164.559998,143.660324,613800
2019-04-12,165.600006,166.800003,164.710007,166.070007,144.978531,991000
2019-04-15,166.080002,166.669998,164.559998,164.970001,144.018234,1587000
2019-04-16,166.619995,167.759995,165.100006,167.220001,145.982483,970000
2019-04-17,168.130005,169.369995,165.75,165.960007,144.882507,979600
2019-04-18,166.449997,168.220001,166.0,167.839996,146.523727,1511600
2019-04-22,167.050003,167.059998,165.419998,165.960007,144.882507,755600
2019-04-23,166.0,167.419998,164.600006,166.809998,145.624557,1206000
2019-04-24,166.429993,167.929993,165.5,166.169998,145.065826,699100
2019-04-25,165.039993,165.770004,161.679993,162.139999,141.547653,970500
2019-04-26,162.699997,163.529999,161.820007,163.339996,142.595261,1223100
2019-04-29,163.649994,164.380005,162.720001,164.139999,143.29361,1498600
2019-04-30,167.539993,169.449997,163.830002,166.289993,145.170609,1885100
2019-05-01,166.509995,168.449997,164.970001,165.470001,144.454712,1327000
2019-05-02,165.229996,166.600006,163.800003,166.169998,145.065826,1208400
2019-05-03,166.529999,169.279999,166.179993,169.190002,147.702316,1296700
2019-05-06,165.639999,167.839996,164.149994,167.600006,146.31424,1165700
2019-05-07,165.970001,166.850006,163.979996,165.610001,144.57692,1184000
2019-05-08,165.470001,166.789993,164.270004,165.350006,144.349976,755400
2019-05-09,163.259995,165.5,161.440002,165.339996,144.341232,1373700
2019-05-10,164.600006,165.75,161.289993,165.389999,144.384872,928900
2019-05-13,162.410004,162.410004,158.059998,158.889999,138.710403,1436500
2019-05-14,159.449997,161.259995,158.520004,160.759995,140.342926,1232100
2019-05-15,159.800003,161.960007,157.919998,161.419998,140.919083,1036500
2019-05-16,162.470001,163.330002,161.899994,162.509995,141.870636,836900
2019-05-17,160.800003,161.110001,158.839996,159.240005,139.015976,1109400
2019-05-20,158.559998,161.339996,158.559998,161.179993,140.709579,1133500
2019-05-21,162.399994,164.529999,162.350006,164.240005,143.380966,1098100
2019-05-22,163.899994,164.460007,162.639999,163.5,142.734924,1095200
2019-05-23,159.210007,160.199997,157.740005,159.25,140.00087,1283000
2019-05-24,160.470001,161.520004,159.289993,159.919998,140.589859,935800
2019-05-28,160.339996,161.669998,158.679993,158.699997,139.517334,1596100
2019-05-29,157.589996,159.139999,156.240005,157.910004,138.822845,1076800
2019-05-30,158.820007,159.970001,157.860001,158.529999,139.367889,1063500
2019-05-31,154.899994,155.240005,150.479996,150.759995,132.537048,1640700
2019-06-03,150.899994,153.940002,150.779999,152.360001,133.94368,1653100
2019-06-04,154.350006,156.360001,152.899994,156.339996,137.442581,1743400
2019-06-05,157.710007,159.660004,154.970001,159.550003,140.264572,1515400
2019-06-06,159.119995,161.220001,158.610001,160.770004,141.337128,983800
2019-06-07,161.399994,163.020004,160.009995,161.949997,142.374481,803400
2019-06-10,163.100006,164.839996,162.449997,163.080002,143.367905,885100
2019-06-11,165.179993,167.259995,164.020004,164.210007,144.361328,1062400
2019-06-12,164.080002,164.160004,162.169998,163.070007,143.3591,1068900
2019-06-13,163.520004,164.410004,162.0,164.360001,144.493164,836700
2019-06-14,164.210007,164.210007,161.559998,163.860001,144.053604,958600
2019-06-17,163.929993,164.149994,161.970001,162.279999,142.664612,787100
2019-06-18,163.089996,168.0,163.089996,166.839996,146.673416,1031900
2019-06-19,166.770004,168.179993,165.970001,167.949997,147.649246,1064300
2019-06-20,170.0,171.839996,168.779999,171.600006,150.858063,1556600
2019-06-21,171.419998,171.600006,169.5,169.960007,149.416306,1713600
2019-06-24,170.220001,171.309998,169.339996,170.160004,149.592102,1163100
2019-06-25,170.699997,170.699997,167.929993,168.850006,148.44046,1987500
2019-06-26,169.699997,170.179993,168.610001,168.910004,148.49324,831600
2019-06-27,169.309998,169.860001,166.860001,168.25,147.912964,705600
2019-06-28,169.029999,171.440002,168.539993,171.339996,150.629486,2680500
2019-07-01,173.0,173.770004,170.240005,172.860001,151.96579,2381900
2019-07-02,171.059998,171.630005,169.259995,170.199997,149.627274,1164900
2019-07-03,171.710007,172.009995,168.889999,170.240005,149.66246,756700
2019-07-05,168.960007,169.649994,165.770004,169.149994,148.704193,829200
2019-07-08,168.990005,170.0,168.259995,169.059998,148.625107,996300
2019-07-09,167.830002,168.460007,166.100006,167.289993,147.069016,1231300
2019-07-10,168.0,169.100006,167.029999,167.399994,147.16571,827100
2019-07-11,168.399994,168.899994,166.089996,168.860001,148.449249,951500
2019-07-12,169.679993,172.089996,169.649994,171.089996,150.409683,1254200
2019-07-15,171.580002,172.360001,169.919998,171.119995,150.436096,650500
2019-07-16,170.009995,172.600006,169.320007,172.350006,151.51741,750200
2019-07-17,172.089996,172.220001,169.039993,169.289993,148.827271,1075300
2019-07-18,169.110001,169.699997,166.649994,167.940002,147.640457,959100
2019-07-19,168.979996,175.179993,168.669998,172.800003,151.912994,1904600
2019-07-22,173.270004,173.669998,170.389999,170.729996,150.09317,1038500
2019-07-23,171.490005,173.550003,170.690002,173.369995,152.414078,1144500
2019-07-24,172.339996,175.910004,171.550003,175.369995,154.172333,1026500
2019-07-25,175.020004,175.539993,172.949997,174.960007,153.81192,940900
2019-07-26,174.199997,175.279999,173.139999,174.740005,153.6185,855200
2019-07-29,174.860001,175.429993,173.300003,173.970001,152.941574,1194100
2019-07-30,162.5,166.509995,162.330002,165.169998,145.205261,2352200
2019-07-31,164.759995,166.800003,162.059998,164.0,144.176682,1907100
2019-08-01,163.880005,165.240005,158.669998,159.729996,140.422852,1435500
2019-08-02,158.600006,159.600006,157.050003,158.679993,139.499741,1317100
2019-08-05,155.570007,156.220001,150.009995,151.429993,133.126068,2317900
2019-08-06,152.509995,154.419998,151.289993,154.399994,135.737091,1223500
2019-08-07,151.729996,153.779999,149.389999,152.259995,133.855743,1478300
2019-08-08,152.860001,154.380005,152.300003,153.720001,135.139252,1240600
2019-08-09,152.740005,153.25,148.410004,149.960007,131.83374,1396000
2019-08-12,149.410004,150.169998,147.199997,148.160004,130.251328,1089000
2019-08-13,147.5,154.259995,147.309998,151.070007,132.809601,1413800
2019-08-14,148.279999,148.990005,144.130005,144.490005,127.024956,1839000
2019-08-15,144.990005,146.429993,144.050003,146.029999,128.378799,1505600
2019-08-16,147.0,150.259995,147.0,149.25,131.209595,1237800
2019-08-19,151.639999,152.149994,148.720001,149.039993,131.024948,2291200
2019-08-20,147.639999,147.850006,145.770004,146.210007,129.677734,1150500
2019-08-21,147.910004,149.410004,147.160004,147.759995,131.05246,1014000
2019-08-22,148.279999,149.419998,145.649994,146.679993,130.094589,1021300
2019-08-23,145.589996,146.229996,141.139999,142.020004,125.961502,1533200
2019-08-26,143.660004,143.910004,141.520004,143.139999,126.954857,1197800
2019-08-27,144.470001,144.940002,142.800003,142.800003,126.653313,1171100
2019-08-28,142.630005,145.880005,141.529999,145.600006,129.136734,1169200
2019-08-29,147.339996,149.75,147.070007,149.100006,132.240952,1368300
2019-08-30,150.25,151.179993,148.75,149.270004,132.391769,939500
2019-09-03,147.619995,148.220001,144.119995,145.910004,129.411621,1268900
2019-09-04,148.0,149.149994,147.5,148.970001,132.125641,975200
2019-09-05,151.059998,156.160004,150.550003,154.660004,137.172272,1563600
2019-09-06,155.009995,156.190002,153.869995,154.899994,137.385132,1124800
2019-09-09,155.320007,160.990005,155.100006,160.820007,142.635727,1704800
2019-09-10,161.270004,165.470001,160.679993,163.990005,145.447311,1836900
2019-09-11,163.5,165.5,160.600006,165.490005,146.777695,1254700
2019-09-12,165.339996,166.410004,162.869995,165.050003,146.387482,984500
2019-09-13,166.169998,167.350006,164.880005,165.110001,146.440689,1058500
2019-09-16,163.869995,165.399994,163.460007,163.699997,145.190079,1126800
2019-09-17,163.0,163.440002,161.309998,163.020004,144.58699,1330500
2019-09-18,162.190002,162.809998,160.110001,162.350006,143.992737,1078300
2019-09-19,162.899994,164.059998,161.570007,162.020004,143.700058,783700
2019-09-20,162.059998,163.929993,161.130005,161.570007,143.300934,3617100
2019-09-23,160.429993,163.509995,160.199997,162.190002,143.850845,1324800
2019-09-24,163.220001,163.550003,159.820007,160.610001,142.449493,1428100
2019-09-25,160.119995,162.5,159.089996,161.369995,143.12355,1439200
2019-09-26,161.419998,162.25,159.399994,159.949997,141.864105,889200
2019-09-27,161.059998,161.729996,159.270004,161.300003,143.061432,1002300
2019-09-30,161.199997,163.729996,160.649994,162.669998,144.276581,990500
2019-10-01,164.020004,165.350006,157.029999,157.539993,139.726624,1310200
2019-10-02,155.449997,157.0,153.649994,154.119995,136.693329,1250300
2019-10-03,153.649994,155.039993,151.149994,154.990005,137.46492,1444500
2019-10-04,154.809998,158.130005,154.809998,157.860001,140.010452,944900
2019-10-07,157.070007,158.339996,155.860001,156.5,138.804214,831900
2019-10-08,154.490005,155.220001,152.550003,153.139999,135.824127,1031400
2019-10-09,154.820007,156.020004,153.520004,155.009995,137.482681,791800
2019-10-10,155.690002,158.600006,155.190002,157.050003,139.292007,802100
2019-10-11,160.309998,165.0,160.309998,162.759995,144.356354,1342400
2019-10-14,159.899994,163.899994,157.850006,163.759995,145.243301,870700
2019-10-15,163.139999,167.440002,162.210007,166.350006,147.540451,1078000
2019-10-16,166.199997,168.449997,165.809998,166.179993,147.389664,894400
2019-10-17,167.309998,168.559998,166.270004,167.639999,148.68457,647700
2019-10-18,167.850006,170.880005,167.240005,170.279999,151.026077,1223600
2019-10-21,171.639999,172.860001,170.699997,171.320007,151.948486,962300
2019-10-22,172.339996,175.5,170.110001,175.100006,155.301071,1274000
2019-10-23,174.029999,175.309998,172.880005,175.190002,155.38092,971300
2019-10-24,175.660004,175.720001,173.389999,175.429993,155.593704,914300
2019-10-25,175.720001,179.179993,175.580002,178.520004,158.334366,1303300
2019-10-28,180.009995,180.559998,178.070007,180.029999,159.673615,1404500
2019-10-29,174.639999,179.630005,173.649994,177.119995,157.092636,2666900
2019-10-30,177.240005,177.770004,172.759995,174.589996,154.84877,1884600
2019-10-31,174.080002,174.589996,169.910004,172.479996,152.97731,1391400
2019-11-01,173.679993,176.570007,172.320007,176.570007,156.604843,1963600
2019-11-04,178.449997,179.559998,176.669998,179.179993,158.919739,1357600
2019-11-05,179.309998,181.529999,179.0,179.929993,159.5849,1047300
2019-11-06,179.080002,181.419998,176.570007,181.389999,160.879852,1217700
2019-11-07,182.820007,184.520004,182.089996,182.529999,161.890945,1665700
2019-11-08,183.979996,186.729996,182.0,186.270004,165.208084,1249400
2019-11-11,185.020004,186.619995,184.869995,186.440002,165.358841,906000
2019-11-12,186.289993,186.5,183.740005,184.089996,163.274567,1130200
2019-11-13,181.300003,181.850006,179.820007,180.690002,161.408478,909500
2019-11-14,180.380005,181.820007,179.660004,180.839996,161.542435,748700
2019-11-15,182.5,184.449997,181.630005,184.0,164.36525,1088200
2019-11-18,182.199997,183.679993,180.779999,183.460007,163.882904,838300
2019-11-19,184.259995,184.369995,181.270004,182.960007,163.436264,1916600
2019-11-20,182.350006,182.690002,179.570007,180.619995,161.345901,1036400
2019-11-21,180.100006,182.369995,179.570007,180.820007,161.524582,937900
2019-11-22,181.240005,181.399994,178.740005,180.149994,160.926086,1052000
2019-11-25,181.199997,184.089996,179.710007,184.020004,164.383133,1412500
2019-11-26,184.080002,185.139999,182.929993,185.039993,165.29425,917500
2019-11-27,185.039993,185.190002,182.889999,184.809998,165.088806,896600
2019-11-29,183.619995,184.0,182.460007,182.860001,163.346909,455200
2019-12-02,183.389999,184.630005,181.100006,181.259995,161.917618,940200
2019-12-03,178.699997,178.699997,175.389999,178.100006,159.094894,1016500
2019-12-04,178.970001,180.669998,178.020004,178.039993,159.041229,957200
2019-12-05,178.440002,179.360001,177.600006,178.720001,159.648666,899900
2019-12-06,181.139999,182.190002,180.320007,180.410004,161.158356,713300
2019-12-09,180.380005,181.300003,179.360001,181.039993,161.721115,683600
2019-12-10,180.360001,181.009995,178.720001,179.649994,160.479431,936600
2019-12-11,181.789993,182.490005,180.350006,182.110001,162.676956,959000
2019-12-12,181.550003,185.639999,180.509995,184.880005,165.151352,1196000
2019-12-13,183.839996,185.860001,181.509995,182.479996,163.007446,976800
2019-12-16,181.740005,184.020004,181.679993,181.809998,162.408981,1104700
2019-12-17,181.929993,182.910004,181.240005,182.270004,162.81987,819400
2019-12-18,182.619995,182.619995,179.419998,180.800003,161.506729,1162300
2019-12-19,181.139999,181.440002,178.110001,179.300003,160.166779,1058200
2019-12-20,181.100006,181.949997,179.240005,181.110001,161.783661,2285900
2019-12-23,181.130005,182.270004,180.5,181.419998,162.060593,821500
2019-12-24,181.600006,181.940002,180.910004,181.160004,161.828323,276700
2019-12-26,181.550003,181.949997,180.660004,181.419998,162.060593,501700
2019-12-27,181.880005,182.619995,180.470001,180.699997,161.417389,747900
2019-12-30,180.630005,180.809998,178.830002,179.160004,160.041702,560100
2019-12-31,179.279999,179.830002,177.979996,178.960007,159.863052,735800
2020-01-02,180.020004,180.880005,177.399994,179.320007,160.184723,1272900
2020-01-03,177.179993,177.179993,174.380005,176.809998,157.94249,1017600
2020-01-06,175.559998,175.559998,173.160004,174.130005,155.548508,1253900
2020-01-07,174.080002,174.839996,171.649994,174.259995,155.664627,1437200
2020-01-08,174.169998,175.419998,173.080002,174.350006,155.74501,896800
2020-01-09,174.759995,175.309998,171.369995,173.520004,155.003601,1199800
2020-01-10,174.240005,174.309998,171.320007,171.429993,153.136597,1153600
2020-01-13,171.880005,172.770004,170.919998,172.490005,154.083496,972200
2020-01-14,174.970001,175.300003,172.169998,172.399994,154.003098,1133000
2020-01-15,171.0,172.75,170.690002,172.610001,154.190674,997100
2020-01-16,173.529999,175.440002,172.970001,175.259995,156.557907,1034000
2020-01-17,175.880005,177.289993,172.979996,173.800003,155.253708,2181500
2020-01-21,173.110001,173.220001,170.5,171.070007,152.815018,1277400
2020-01-22,171.740005,172.050003,169.369995,170.110001,151.957458,941200
2020-01-23,169.759995,171.880005,167.419998,171.660004,153.342072,976400
2020-01-24,171.600006,171.740005,167.770004,169.149994,151.099884,933800
2020-01-27,165.410004,166.380005,164.449997,164.770004,147.187302,1184200
2020-01-28,166.210007,166.960007,164.990005,166.080002,148.357498,920700
2020-01-29,167.270004,167.389999,165.639999,165.690002,148.00914,1249600
2020-01-30,164.160004,166.330002,163.729996,166.100006,148.375397,979800
2020-01-31,163.470001,163.960007,158.179993,159.970001,142.899536,2721300
2020-02-03,161.309998,164.470001,160.330002,162.889999,145.507935,2248600
2020-02-04,167.0,168.639999,160.839996,161.0,143.819595,2826200
2020-02-05,162.699997,166.589996,162.039993,166.429993,148.670135,1410900
2020-02-06,168.639999,168.649994,164.880005,165.949997,148.241348,1127500
2020-02-07,164.440002,164.919998,160.399994,160.800003,143.640961,1361100
2020-02-10,160.25,162.710007,160.110001,162.229996,144.918335,1057900
2020-02-11,163.100006,165.220001,163.100006,164.300003,146.767456,864000
2020-02-12,165.539993,168.419998,164.919998,168.039993,150.108322,1163900
2020-02-13,168.699997,170.110001,165.789993,166.100006,148.375397,1266700
2020-02-14,166.169998,166.899994,164.880005,166.779999,148.982819,976400
2020-02-18,165.929993,167.100006,164.380005,166.059998,148.339645,1325000
2020-02-19,166.059998,168.220001,166.059998,167.839996,149.929703,1560800
2020-02-20,166.100006,169.710007,165.059998,167.119995,150.461761,1019400
2020-02-21,165.960007,167.529999,163.559998,167.460007,150.767929,1139600
2020-02-24,162.330002,163.809998,161.210007,162.779999,146.554413,1551500
2020-02-25,163.720001,164.330002,160.289993,161.009995,144.960815,1995300
2020-02-26,162.789993,163.899994,157.639999,157.970001,142.223846,1498900
2020-02-27,155.220001,160.369995,151.929993,154.460007,139.063705,1855700
2020-02-28,149.679993,152.0,146.979996,151.289993,136.209686,2158600
2020-03-02,151.559998,155.940002,149.009995,155.660004,140.144104,1794400
2020-03-03,155.169998,159.309998,151.339996,152.149994,136.983978,1744300
2020-03-04,154.5,157.339996,153.5,156.440002,140.846375,1593500
2020-03-05,152.020004,153.630005,147.470001,148.660004,133.841873,1537100
2020-03-06,144.679993,149.130005,144.199997,148.600006,133.787842,1757900
2020-03-09,138.199997,141.320007,136.570007,139.270004,125.387817,2356100
2020-03-10,144.179993,145.800003,137.990005,145.630005,131.113892,2517800
2020-03-11,141.899994,145.080002,139.5,141.070007,127.008392,2210700
2020-03-12,132.539993,135.330002,127.07,129.089996,116.222565,2288700
2020-03-13,135.820007,137.919998,129.5,136.839996,123.200035,2252400
2020-03-16,124.910004,136.240005,122.949997,131.449997,118.34729,1923000
2020-03-17,133.740005,137.809998,128.740005,136.800003,123.16404,2616100
2020-03-18,127.449997,131.919998,117.790001,123.470001,111.162758,1879500
2020-03-19,121.849998,122.489998,115.0,118.550003,106.733154,1756400
2020-03-20,120.910004,122.169998,115.160004,116.480003,104.869492,2114400
2020-03-23,114.349998,114.980003,101.029999,102.760002,92.517067,2155100
2020-03-24,110.959999,124.769997,108.940002,124.489998,112.081062,2491500
2020-03-25,126.050003,132.130005,121.82,127.769997,115.034119,2242400
2020-03-26,131.509995,135.869995,125.589996,134.960007,121.507454,1534300
2020-03-27,127.550003,135.440002,127.550003,131.660004,118.536369,1267800
2020-03-30,132.0,136.869995,131.199997,134.479996,121.075287,1234100
2020-03-31,133.520004,138.410004,131.389999,135.320007,121.831566,1582000
2020-04-01,129.770004,131.660004,127.300003,130.389999,117.392952,1160500
2020-04-02,128.889999,134.229996,127.610001,132.759995,119.526711,1325600
2020-04-03,132.070007,135.009995,129.460007,132.270004,119.085579,1588800
2020-04-06,138.619995,144.740005,137.729996,142.119995,127.953766,2088100
2020-04-07,147.910004,149.529999,144.0,145.839996,131.302948,1580400
2020-04-08,147.279999,150.589996,144.529999,149.559998,134.652145,1152300
2020-04-09,152.520004,154.300003,148.830002,150.699997,135.678482,1133400
2020-04-13,150.039993,150.690002,144.339996,146.449997,131.852142,933800
2020-04-14,149.399994,150.75,145.369995,148.139999,133.373657,1433900
2020-04-15,144.0,145.550003,142.110001,145.460007,130.960846,1530500
2020-04-16,146.0,146.179993,143.070007,145.039993,130.582703,1253500
2020-04-17,149.300003,150.679993,147.289993,149.179993,134.309982,1301000
2020-04-20,147.910004,148.199997,145.699997,146.100006,131.537033,1576100
2020-04-21,144.0,144.050003,140.929993,142.380005,128.187836,1480100
2020-04-22,145.449997,146.350006,143.449997,144.929993,130.483627,785400
2020-04-23,145.550003,148.880005,144.850006,145.429993,130.933807,757000
2020-04-24,146.809998,147.820007,144.509995,147.770004,133.040573,600900
2020-04-27,148.330002,151.949997,147.5,151.440002,136.344742,1049100
2020-04-28,161.800003,167.559998,159.119995,161.080002,145.023819,2200900
2020-04-29,165.889999,168.240005,163.080002,165.199997,148.73317,1502600
2020-04-30,159.160004,164.160004,159.130005,163.5,147.202637,1383200
2020-05-01,160.009995,160.009995,154.830002,157.429993,141.737671,1194400
2020-05-04,155.679993,156.690002,152.619995,153.960007,138.613556,955400
2020-05-05,155.800003,158.589996,153.759995,153.830002,138.496506,783800
2020-05-06,154.509995,155.350006,152.789993,153.649994,138.334503,730300
2020-05-07,156.600006,157.970001,154.910004,155.720001,140.19812,977600
2020-05-08,158.029999,162.0,158.029999,161.289993,145.212891,896400
2020-05-11,158.720001,162.360001,158.020004,161.809998,145.681107,1123900
2020-05-12,159.100006,161.0,153.529999,153.610001,138.298416,1559000
2020-05-13,152.559998,153.270004,146.880005,147.679993,132.959518,1387600
2020-05-14,145.320007,155.820007,143.320007,155.509995,140.009048,1857300
2020-05-15,154.380005,156.919998,153.309998,155.639999,140.126068,2119600
2020-05-18,160.929993,164.800003,160.679993,162.029999,145.879166,1761400
2020-05-19,161.25,162.389999,157.639999,157.789993,142.061798,1277500
2020-05-20,159.639999,163.5,158.75,161.839996,145.708099,1069300
2020-05-21,159.850006,160.539993,157.179993,157.550003,143.004105,950900
2020-05-22,157.580002,157.630005,154.669998,155.039993,140.725845,1209200
2020-05-26,159.490005,168.389999,158.919998,167.110001,151.681519,2048400
2020-05-27,170.710007,172.75,170.050003,171.630005,155.78421,1659200
2020-05-28,173.020004,173.25,169.149994,169.789993,154.114044,1667400
2020-05-29,168.210007,171.020004,167.490005,169.600006,153.941605,2755200
2020-06-01,169.490005,173.320007,168.699997,169.830002,154.150375,1284000
2020-06-02,170.190002,171.940002,169.289993,171.470001,155.638947,1156300
2020-06-03,173.770004,176.809998,173.020004,174.960007,158.806732,1557800
2020-06-04,172.660004,175.350006,172.660004,174.809998,158.670609,906100
2020-06-05,179.470001,181.509995,176.839996,180.009995,163.390518,1795500
2020-06-08,178.899994,184.940002,178.899994,183.899994,166.921341,1353600
2020-06-09,180.949997,183.470001,179.360001,181.75,164.969833,1245500
2020-06-10,181.399994,181.929993,176.149994,176.210007,159.941345,2189300
2020-06-11,170.029999,170.509995,166.130005,166.369995,151.009811,1255600
2020-06-12,171.559998,171.559998,161.919998,167.080002,151.654266,1430100
2020-06-15,161.729996,169.539993,160.610001,169.139999,153.524109,967700
2020-06-16,175.75,176.330002,168.809998,171.350006,155.53006,1177800
2020-06-17,172.199997,173.259995,170.320007,171.419998,155.593536,1084100
2020-06-18,171.169998,172.970001,169.880005,171.229996,155.421097,859700
2020-06-19,174.149994,174.809998,169.850006,174.289993,158.198593,2750900
2020-06-22,172.639999,173.270004,169.830002,171.990005,156.110992,1032500
2020-06-23,174.350006,174.639999,171.770004,172.429993,156.510345,826200
2020-06-24,170.460007,170.470001,165.679993,166.610001,151.227676,1136500
2020-06-25,165.589996,169.940002,163.660004,169.710007,154.041428,1245100
2020-06-26,168.949997,169.300003,167.050003,168.75,153.170074,1631600
2020-06-29,170.660004,173.839996,170.190002,173.070007,157.091263,1214700
2020-06-30,171.869995,174.539993,170.770004,173.259995,157.263702,1274800
2020-07-01,174.100006,174.779999,170.75,170.949997,155.166946,838900
2020-07-02,173.509995,176.279999,172.539993,173.449997,157.436157,792900
2020-07-06,177.039993,179.660004,176.220001,178.160004,161.711304,1046900
2020-07-07,176.270004,178.429993,175.100006,175.570007,159.360413,2138400
2020-07-08,175.639999,176.399994,172.770004,174.039993,157.971695,812100
2020-07-09,174.410004,174.990005,171.300003,172.169998,156.274323,947000
2020-07-10,172.410004,173.960007,171.759995,173.800003,157.75386,736200
2020-07-13,175.190002,176.589996,173.440002,174.380005,158.280289,822400
2020-07-14,174.380005,178.660004,173.070007,178.309998,161.847427,873500
2020-07-15,179.610001,183.190002,179.610001,181.720001,164.942642,1209700
2020-07-16,181.220001,184.850006,180.460007,183.729996,166.767044,923900
2020-07-17,184.350006,184.850006,182.399994,183.110001,166.204269,853000
2020-07-20,182.369995,182.479996,179.160004,180.300003,163.653717,832800
2020-07-21,181.449997,187.169998,181.279999,186.179993,168.990875,1142500
2020-07-22,185.339996,190.440002,185.050003,190.259995,172.694168,1202000
2020-07-23,190.25,192.309998,189.210007,189.940002,172.403702,949300
2020-07-24,190.279999,190.710007,187.199997,188.240005,170.860657,902200
2020-07-27,188.190002,191.860001,186.949997,190.960007,173.329529,1176700
2020-07-28,195.490005,204.979996,194.839996,195.020004,177.014725,2560600
2020-07-29,198.0,199.919998,194.240005,198.880005,180.518295,1548900
2020-07-30,196.550003,196.970001,192.339996,194.479996,176.524551,769800
2020-07-31,193.490005,193.820007,189.940002,193.259995,175.417175,994700
2020-08-03,193.960007,197.389999,192.740005,195.309998,177.277893,904000
2020-08-04,194.699997,196.100006,192.919998,193.009995,175.190247,803200
2020-08-05,194.869995,198.899994,194.229996,198.339996,180.028168,978800
2020-08-06,197.639999,198.339996,195.679993,196.220001,178.103897,827400
2020-08-07,196.009995,199.300003,195.0,199.270004,180.87233,766800
2020-08-10,199.5,210.669998,199.5,210.169998,190.765961,1424900
2020-08-11,211.490005,215.0,211.110001,212.039993,192.463318,1528400
2020-08-12,213.490005,214.320007,211.399994,213.199997,193.516235,847500
2020-08-13,211.779999,211.910004,209.289993,210.229996,190.820404,844600
2020-08-14,209.979996,215.429993,209.220001,213.509995,193.797607,943000
2020-08-17,214.240005,214.889999,210.220001,210.460007,191.029205,955800
2020-08-18,211.0,212.630005,209.490005,209.910004,190.529953,869800
2020-08-19,209.539993,212.770004,209.270004,211.169998,191.67363,904500
2020-08-20,208.910004,209.770004,207.309998,209.0,190.889038,680400
2020-08-21,208.240005,210.509995,207.240005,209.029999,190.916443,727000
2020-08-24,210.559998,211.940002,209.660004,211.119995,192.825378,525800
2020-08-25,212.270004,213.690002,209.570007,210.059998,191.857208,629400
2020-08-26,209.649994,210.380005,207.699997,209.149994,191.026077,594800
2020-08-27,210.0,210.550003,206.710007,207.669998,189.674332,637600
2020-08-28,208.449997,209.419998,206.630005,208.720001,190.633347,408800
2020-08-31,208.610001,209.070007,206.850006,207.25,189.29071,720700
2020-09-01,207.75,211.5,206.119995,211.059998,192.770538,1026200
2020-09-02,211.520004,213.619995,211.520004,212.839996,194.396317,1046000
2020-09-03,212.509995,213.710007,202.820007,204.559998,186.833832,1041000
2020-09-04,206.660004,208.449997,202.880005,204.360001,186.651169,927900
2020-09-08,205.669998,207.399994,202.229996,204.059998,186.377136,1363100
2020-09-09,206.190002,213.809998,205.509995,212.070007,193.693039,1085400
2020-09-10,211.460007,211.460007,204.850006,207.160004,189.208527,1129200
2020-09-11,207.660004,211.330002,207.279999,207.910004,189.893524,913300
2020-09-14,209.139999,211.880005,208.210007,210.580002,192.332169,743100
2020-09-15,211.759995,213.979996,210.110001,210.130005,191.921143,737700
2020-09-16,212.289993,213.699997,209.229996,209.600006,191.437088,1020100
2020-09-17,207.479996,214.800003,206.350006,210.440002,192.204285,1016500
2020-09-18,209.690002,214.100006,209.610001,211.899994,193.53775,1904800
2020-09-21,208.100006,209.050003,202.050003,203.869995,186.203583,888800
2020-09-22,203.770004,206.229996,202.259995,204.279999,186.578079,876200
2020-09-23,206.0,207.889999,202.449997,203.009995,185.418121,840500
2020-09-24,202.529999,208.419998,199.699997,205.419998,187.619293,730500
2020-09-25,205.070007,210.130005,204.639999,208.630005,190.551147,979900
2020-09-28,211.0,214.399994,210.559998,212.789993,194.350632,874900
2020-09-29,213.479996,214.190002,210.610001,212.899994,194.45108,735600
2020-09-30,213.860001,217.259995,209.490005,211.160004,192.861893,1349300
2020-10-01,212.889999,213.089996,205.149994,207.039993,189.098892,1095300
2020-10-02,203.669998,212.610001,203.509995,210.339996,192.11293,1003700
2020-10-05,213.220001,219.800003,212.25,217.850006,198.972168,1258200
2020-10-06,218.330002,220.820007,215.649994,216.330002,197.583893,1142900
2020-10-07,219.070007,223.600006,218.759995,221.520004,202.324127,723000
2020-10-08,222.089996,222.570007,218.509995,221.009995,201.858337,752300
2020-10-09,222.899994,225.839996,221.360001,223.320007,203.968185,931200
2020-10-12,224.460007,224.5,220.889999,221.75,202.534195,715900
2020-10-13,220.949997,221.75,217.210007,220.449997,201.346878,621400
2020-10-14,222.0,224.309998,220.809998,221.770004,202.552475,851900
2020-10-15,219.259995,223.419998,218.309998,222.449997,203.173553,737000
2020-10-16,224.389999,227.149994,222.100006,222.800003,203.493225,1227800
2020-10-19,223.350006,224.869995,220.350006,221.149994,201.986206,679700
2020-10-20,222.869995,224.779999,221.520004,222.270004,203.009155,850400
2020-10-21,223.160004,226.630005,221.940002,222.25,202.99086,835300
2020-10-22,222.75,225.759995,222.479996,223.589996,204.214752,862500
2020-10-23,224.770004,227.509995,223.979996,226.279999,206.671661,1041300
2020-10-26,223.179993,223.800003,218.059998,220.679993,201.556931,907800
2020-10-27,230.919998,231.350006,219.610001,219.779999,200.734909,1755700
2020-10-28,214.800003,218.910004,213.199997,213.589996,195.08136,1327900
2020-10-29,214.029999,219.490005,212.800003,217.440002,198.597702,1057200
2020-10-30,216.050003,219.979996,214.320007,219.889999,200.835419,1092400
2020-11-02,223.070007,228.190002,222.399994,227.679993,207.950363,1285400
2020-11-03,230.399994,233.020004,229.130005,232.029999,211.923386,1077900
2020-11-04,229.860001,230.759995,221.130005,222.800003,203.493225,1154800
2020-11-05,226.160004,232.600006,225.679993,229.570007,209.676559,757700
2020-11-06,230.149994,232.740005,228.570007,229.050003,209.201614,724400
2020-11-09,240.0,244.669998,228.949997,228.970001,209.128586,1435400
2020-11-10,229.289993,235.339996,228.550003,233.860001,213.594833,909600
2020-11-11,234.889999,235.649994,230.5,234.899994,214.544708,973300
2020-11-12,233.710007,235.020004,230.229996,233.139999,212.93721,974200
2020-11-13,234.789993,236.869995,233.820007,236.550003,216.051727,859200
2020-11-16,240.0,240.0,228.580002,231.860001,211.768112,1313800
2020-11-17,230.929993,232.0,227.350006,231.080002,211.05574,952400
2020-11-18,231.679993,235.779999,231.25,233.460007,213.229477,987800
2020-11-19,229.779999,233.710007,227.649994,233.139999,214.175705,872600
2020-11-20,232.050003,232.949997,228.600006,230.649994,211.888214,1087400
2020-11-23,232.860001,236.410004,232.410004,235.220001,216.086533,1091500
2020-11-24,236.539993,237.460007,233.410004,234.660004,215.572052,1374200
2020-11-25,235.160004,235.160004,229.779999,230.389999,211.649368,896400
2020-11-27,231.5,232.199997,228.539993,229.029999,210.400009,538300
2020-11-30,228.720001,232.199997,226.25,231.169998,212.365921,2608000
2020-12-01,234.649994,235.850006,229.75,230.360001,211.621826,1229600
2020-12-02,229.380005,231.0,227.080002,227.179993,208.700485,1067900
2020-12-03,227.509995,228.380005,219.300003,220.339996,202.416885,1923100
2020-12-04,220.699997,222.470001,219.160004,219.929993,202.040253,1544800
2020-12-07,220.0,220.619995,216.539993,219.089996,201.268555,1660900
2020-12-08,218.820007,222.720001,218.820007,221.039993,203.059937,1159000
2020-12-09,221.320007,224.860001,219.800003,224.190002,205.953735,1426300
2020-12-10,223.039993,223.5,219.220001,219.550003,201.691162,1166200
2020-12-11,218.389999,220.330002,217.399994,218.660004,200.87355,1137500
2020-12-14,220.679993,221.740005,216.410004,216.410004,198.806595,1033600
2020-12-15,218.539993,225.5,218.539993,224.039993,205.815903,1264400
2020-12-16,223.929993,224.399994,221.429993,222.820007,204.69519,840300
2020-12-17,223.860001,225.279999,221.440002,223.429993,205.255554,774000
2020-12-18,224.070007,225.149994,221.449997,224.309998,206.063965,1791800
2020-12-21,220.229996,226.020004,219.600006,224.720001,206.440613,655300
2020-12-22,224.470001,225.5,222.649994,223.539993,205.356583,944500
2020-12-23,223.229996,225.729996,222.039993,224.220001,205.981293,561200
2020-12-24,225.289993,226.699997,224.039993,226.529999,208.103363,197300
2020-12-28,227.910004,228.679993,223.960007,224.139999,205.907791,407000
2020-12-29,224.410004,225.279999,220.770004,222.690002,204.575745,563400
2020-12-30,223.880005,225.880005,223.479996,224.990005,206.68866,390600
2020-12-31,224.910004,227.289993,223.850006,227.100006,208.627014,480400
2021-01-04,227.679993,229.149994,219.75,221.369995,203.363083,999200
2021-01-05,220.600006,223.929993,220.600006,221.630005,203.601959,1297400
2021-01-06,223.839996,236.25,223.75,233.589996,214.589081,1366000
2021-01-07,235.889999,239.759995,234.149994,239.210007,219.751938,1351400
2021-01-08,240.160004,241.25,231.300003,234.309998,215.250534,1455800
2021-01-11,232.729996,238.389999,231.639999,236.679993,217.427734,1083800
2021-01-12,236.75,242.690002,236.539993,242.029999,222.342545,1037600
2021-01-13,242.080002,243.149994,239.789993,240.869995,221.276947,1032600
2021-01-14,241.570007,244.0,241.100006,241.330002,221.699493,781700
2021-01-15,239.309998,239.309998,233.279999,237.240005,217.9422,1823100
2021-01-19,240.279999,241.440002,236.940002,238.360001,218.971069,1095400
2021-01-20,239.460007,239.460007,235.0,236.529999,217.289948,1172500
2021-01-21,237.589996,254.130005,236.110001,248.029999,227.854523,2659100
2021-01-22,247.080002,248.320007,242.449997,247.0,226.908279,1098100
2021-01-25,246.229996,250.160004,244.759995,246.539993,226.485703,1049500
2021-01-26,247.289993,248.369995,245.559998,246.820007,226.74292,870000
2021-01-27,242.770004,244.460007,237.669998,239.100006,219.650894,1480300
2021-01-28,240.940002,247.539993,240.009995,242.199997,222.498703,906100
2021-01-29,240.899994,241.820007,232.539993,234.419998,215.351578,1148100
2021-02-01,236.779999,238.509995,230.929993,232.970001,214.019547,1070700
2021-02-02,233.809998,237.440002,230.5,233.899994,214.873886,1119700
2021-02-03,234.0,236.5,231.979996,235.539993,216.380463,972700
2021-02-04,235.110001,238.990005,229.119995,232.080002,213.20192,1346200
2021-02-05,233.410004,234.119995,228.210007,229.630005,210.951202,1463100
2021-02-08,237.050003,238.759995,234.0,238.610001,219.20076,1349200
2021-02-09,239.229996,246.110001,237.490005,244.979996,225.052582,1425000
2021-02-10,247.039993,248.630005,242.660004,245.110001,225.172028,986400
2021-02-11,245.119995,246.460007,238.449997,243.210007,223.426575,971000
2021-02-12,243.529999,244.449997,239.889999,243.970001,224.124741,758800
2021-02-16,244.470001,247.570007,243.259995,244.479996,224.593277,822800
2021-02-17,244.229996,245.809998,238.850006,241.809998,222.140442,854100
2021-02-18,239.5,241.690002,237.720001,241.669998,223.258286,1068400
2021-02-19,243.240005,248.550003,242.339996,246.759995,227.960464,1026900
2021-02-22,245.360001,250.169998,245.360001,249.270004,230.279266,860500
2021-02-23,250.119995,252.880005,246.309998,250.899994,231.785065,1095700
2021-02-24,252.309998,260.26001,251.619995,259.119995,239.378845,1120700
2021-02-25,258.26001,259.540009,253.899994,255.529999,236.062332,957200
2021-02-26,255.740005,256.640015,251.809998,253.199997,233.909866,852300
2021-03-01,256.25,265.149994,256.25,262.980011,242.944763,1142700
2021-03-02,262.019989,262.709991,255.679993,257.679993,238.048523,892500
2021-03-03,257.600006,264.440002,257.320007,261.670013,241.734543,1210000
2021-03-04,268.290009,268.290009,254.850006,258.609985,238.9077,1198800
2021-03-05,261.179993,267.329987,258.049988,265.859985,245.605301,1305800
2021-03-08,268.98999,273.299988,266.920013,268.809998,248.330627,1139600
2021-03-09,269.869995,273.089996,266.51001,266.670013,246.353638,875100
2021-03-10,268.269989,274.059998,266.679993,273.130005,252.321518,1017600
2021-03-11,272.809998,273.809998,269.429993,269.799988,249.245193,888800
2021-03-12,270.390015,274.480011,269.980011,273.920013,253.051285,796700
2021-03-15,273.369995,276.0,271.940002,275.98999,254.963593,937500
2021-03-16,276.059998,277.089996,265.269989,266.920013,246.584595,1292800
2021-03-17,268.320007,270.670013,265.950012,269.640015,249.097336,768000
2021-03-18,269.700012,274.76001,267.25,268.26001,247.82251,984000
2021-03-19,267.200012,268.940002,262.540009,265.899994,245.642273,2544400
2021-03-22,266.420013,266.779999,261.029999,263.480011,243.406677,1226800
2021-03-23,259.26001,262.470001,254.639999,255.5,236.034637,1347200
2021-03-24,257.190002,261.0,257.190002,257.700012,238.067017,917500
2021-03-25,257.929993,262.130005,253.539993,261.179993,241.281876,857600
2021-03-26,262.98999,263.410004,259.48999,262.420013,242.427429,775300
2021-03-29,260.0,265.0,260.0,260.839996,240.967789,943200
2021-03-30,260.869995,265.899994,260.869995,263.519989,243.443573,869600
2021-03-31,264.640015,265.959991,259.079987,259.109985,239.369568,1130300
2021-04-01,259.399994,260.070007,256.200012,257.720001,238.08548,1248000
2021-04-05,260.290009,262.130005,258.799988,261.519989,241.595978,939300
2021-04-06,261.820007,265.959991,259.690002,260.160004,240.339615,901100
2021-04-07,260.220001,261.709991,256.350006,258.170013,238.501236,772400
2021-04-08,257.529999,258.440002,255.220001,256.940002,237.364899,1144400
2021-04-09,258.779999,259.929993,256.339996,259.380005,239.619034,995200
2021-04-12,260.220001,261.51001,258.109985,261.230011,241.328079,849600
2021-04-13,261.230011,261.230011,256.950012,260.420013,240.579819,1245900
2021-04-14,262.0,264.299988,260.290009,261.420013,241.503601,1045000
2021-04-15,262.339996,264.410004,260.380005,261.959991,242.002426,934100
2021-04-16,264.609985,266.049988,261.570007,264.350006,244.210388,1906600
2021-04-19,263.76001,264.429993,260.450012,262.809998,242.787735,989700
2021-04-20,262.809998,262.809998,258.390015,259.980011,240.17334,870000
2021-04-21,259.100006,263.670013,257.109985,263.070007,243.027893,897500
2021-04-22,264.230011,264.670013,260.910004,261.119995,241.22644,643800
2021-04-23,261.359985,263.950012,261.359985,262.470001,242.473602,680000
2021-04-26,263.25,264.809998,258.929993,259.049988,239.314163,1010300
2021-04-27,258.709991,260.070007,255.710007,257.829987,238.187119,1140100
2021-04-28,257.890015,259.089996,254.369995,255.380005,235.923782,1037000
2021-04-29,256.130005,256.859985,253.619995,256.779999,237.217087,676900
2021-04-30,255.550003,255.550003,251.820007,252.039993,232.838226,788100
2021-05-03,254.0,255.559998,251.699997,253.619995,234.297836,950400
2021-05-04,252.740005,256.769989,247.029999,255.610001,236.136246,1422600
2021-05-05,256.25,262.420013,253.860001,260.970001,241.087906,1033700
2021-05-06,262.570007,265.929993,261.619995,265.929993,245.670029,988500
2021-05-07,264.589996,266.959991,261.609985,266.390015,246.094986,1005500
2021-05-10,268.630005,273.649994,268.049988,270.73999,250.113541,959800
2021-05-11,268.73999,269.0,261.790009,264.779999,244.607605,922100
2021-05-12,265.859985,266.799988,257.140015,257.670013,238.039322,1029800
2021-05-13,257.859985,264.779999,257.589996,262.929993,242.898544,710900
2021-05-14,265.279999,266.320007,263.190002,265.670013,245.42984,556800
2021-05-17,270.0,270.839996,265.079987,266.320007,246.030319,952700
2021-05-18,264.859985,265.320007,259.0,259.089996,239.35112,939400
2021-05-19,255.300003,259.339996,252.779999,259.23999,239.4897,1044000
2021-05-20,258.980011,259.470001,254.679993,255.169998,236.96376,1104700
2021-05-21,256.160004,258.76001,255.410004,256.790009,238.468185,777300
2021-05-24,257.910004,259.309998,255.479996,255.529999,237.298096,629100
2021-05-25,256.529999,257.290009,253.889999,254.350006,236.202271,885800
2021-05-26,254.399994,255.690002,252.850006,255.100006,236.898788,906400
2021-05-27,258.51001,259.899994,256.220001,259.200012,240.706238,2363500
2021-05-28,259.950012,260.0,256.350006,257.279999,238.923233,867800
2021-06-01,261.48999,263.549988,260.059998,261.76001,243.083542,1035900
2021-06-02,261.76001,262.26001,258.75,259.850006,241.30983,754500
2021-06-03,258.779999,263.320007,257.869995,260.970001,242.34996,931000
2021-06-04,261.480011,265.089996,261.190002,264.220001,245.368057,660500
2021-06-07,264.51001,264.640015,257.799988,259.220001,240.724823,1094500
2021-06-08,259.01001,260.359985,256.070007,259.920013,241.374893,735500
2021-06-09,258.660004,260.019989,256.679993,256.769989,238.449615,656500
2021-06-10,258.200012,259.130005,251.449997,252.240005,234.242844,1168400
2021-06-11,253.25,254.580002,249.089996,250.0,232.162613,1682800
2021-06-14,249.279999,250.179993,246.869995,248.440002,230.713943,1109600
2021-06-15,249.220001,250.419998,247.880005,250.100006,232.255493,720600
2021-06-16,248.889999,249.720001,245.460007,246.0,228.448059,929100
2021-06-17,246.229996,247.740005,234.880005,237.330002,220.396652,2095900
2021-06-18,232.830002,236.419998,230.850006,233.0,216.375565,2973900
2021-06-21,235.559998,239.240005,235.460007,235.889999,219.059372,991500
2021-06-22,237.289993,238.470001,235.479996,237.009995,220.099472,899600
2021-06-23,237.600006,239.190002,235.240005,238.0,221.018814,855900
2021-06-24,239.0,240.899994,237.520004,239.110001,222.049652,997300
2021-06-25,240.669998,242.720001,239.960007,240.850006,223.665512,1055500
2021-06-28,240.850006,241.479996,238.759995,241.270004,224.055511,1131200
2021-06-29,243.389999,244.020004,238.940002,239.610001,222.513977,643800
2021-06-30,240.490005,244.559998,240.429993,243.809998,226.414307,1010500
2021-07-01,244.990005,245.679993,240.910004,242.130005,224.854156,1111500
2021-07-02,242.860001,242.899994,240.809998,241.839996,224.584839,780700
2021-07-06,241.110001,241.410004,233.110001,236.330002,219.467987,1037400
2021-07-07,234.610001,239.279999,234.610001,238.919998,221.873169,768800
2021-07-08,235.289993,239.270004,234.419998,237.479996,220.535919,826900
2021-07-09,241.139999,243.389999,241.070007,242.699997,225.383514,789100
2021-07-12,241.199997,243.940002,239.699997,243.279999,225.922104,980600
2021-07-13,243.339996,245.440002,241.309998,241.490005,224.259827,823500
2021-07-14,242.399994,242.399994,237.779999,239.009995,221.956757,871500
2021-07-15,238.350006,241.509995,238.350006,240.119995,222.987564,730900
2021-07-16,243.080002,243.339996,238.220001,238.619995,221.594604,632700
2021-07-19,234.130005,235.179993,230.259995,233.130005,216.496307,918900
2021-07-20,234.389999,238.720001,232.440002,237.940002,220.963104,1101800
2021-07-21,239.320007,241.580002,238.279999,239.380005,222.300369,678600
2021-07-22,239.639999,239.639999,236.460007,237.440002,220.498779,484500
2021-07-23,239.259995,239.259995,236.809998,237.440002,220.498779,622500
2021-07-26,237.210007,238.690002,235.690002,236.5,219.625854,762500
2021-07-27,236.509995,236.919998,231.929993,233.800003,217.118515,1262400
2021-07-28,233.360001,234.570007,230.199997,232.020004,215.4655,2063900
2021-07-29,234.339996,234.75,231.029999,233.149994,216.514877,1522500
2021-07-30,232.830002,233.470001,231.389999,232.100006,215.539795,1061600
2021-08-02,232.809998,234.149994,228.850006,229.059998,212.71666,1220200
2021-08-03,229.0,235.119995,227.199997,233.050003,216.422028,1864500
2021-08-04,231.919998,235.389999,230.940002,231.070007,214.583298,1154500
2021-08-05,232.869995,234.25,227.380005,228.270004,211.983063,1525300
2021-08-06,229.850006,231.089996,228.850006,229.080002,212.735275,943000
2021-08-09,228.660004,231.429993,227.699997,230.649994,214.193237,774800
2021-08-10,231.449997,235.529999,230.220001,233.770004,217.090637,918500
2021-08-11,234.880005,242.130005,233.75,241.800003,224.547714,1224300
2021-08-12,242.320007,242.800003,237.490005,239.130005,222.068222,952700
2021-08-13,239.509995,239.789993,236.820007,237.720001,220.758774,868300
2021-08-16,237.0,239.820007,235.589996,239.289993,222.216797,810700
2021-08-17,237.940002,238.059998,233.649994,235.839996,219.012955,936100
2021-08-18,234.529999,236.5,233.369995,233.580002,216.914169,1085800
2021-08-19,230.630005,232.940002,229.729996,231.5,216.32547,1187400
2021-08-20,231.050003,232.669998,230.110001,231.669998,216.484329,997900
2021-08-23,233.25,236.229996,232.360001,235.25,219.829681,1453200
2021-08-24,233.199997,237.089996,233.199997,236.139999,220.661331,1226200
2021-08-25,236.080002,239.690002,235.690002,238.470001,222.838623,1016800
2021-08-26,238.399994,240.339996,236.639999,236.979996,221.446274,1118100
2021-08-27,238.119995,241.729996,237.009995,240.300003,224.54866,1253900
2021-08-30,241.089996,241.619995,237.220001,238.690002,223.044205,925700
2021-08-31,238.690002,238.860001,235.110001,235.979996,220.511795,959100
2021-09-01,236.009995,237.029999,231.199997,234.869995,219.474579,975500
2021-09-02,235.789993,237.770004,234.669998,236.970001,221.436951,789600
2021-09-03,237.110001,241.350006,236.960007,238.570007,222.932068,991800
2021-09-07,238.009995,238.240005,232.699997,233.850006,218.521454,1109200
2021-09-08,233.070007,234.220001,231.449997,233.679993,218.362595,763600
2021-09-09,234.25,235.5,232.309998,232.979996,217.708496,783400
2021-09-10,234.149994,235.360001,231.710007,233.320007,218.026199,739100
2021-09-13,235.789993,237.080002,233.419998,235.610001,220.166092,756200
2021-09-14,236.970001,236.970001,230.789993,231.820007,216.624512,784900
2021-09-15,231.589996,236.419998,231.5,234.440002,219.072769,860900
2021-09-16,234.619995,235.600006,229.419998,229.710007,214.652847,1081400
2021-09-17,227.869995,228.839996,226.339996,227.690002,212.765228,1986600
2021-09-20,223.550003,224.770004,218.279999,221.470001,206.952927,1693500
2021-09-21,221.839996,222.520004,217.5,219.539993,205.149414,1031000
2021-09-22,221.899994,225.509995,221.369995,221.619995,207.093094,869600
2021-09-23,223.720001,229.149994,222.759995,228.330002,213.363266,1207500
2021-09-24,228.0,229.970001,227.5,227.660004,212.737198,755400
2021-09-27,227.559998,233.080002,227.559998,230.25,215.15744,802100
2021-09-28,230.25,232.300003,228.380005,229.460007,214.41922,643200
2021-09-29,230.330002,232.039993,228.270004,230.669998,215.549896,686600
2021-09-30,231.300003,232.320007,224.520004,224.559998,209.840393,1094300
2021-10-01,225.320007,229.910004,223.75,227.960007,213.017548,772700
2021-10-04,228.330002,229.199997,226.199997,227.520004,212.606369,924800
2021-10-05,225.630005,236.210007,223.580002,234.669998,219.287704,1586600
2021-10-06,231.860001,235.009995,228.110001,234.589996,219.212921,1062400
2021-10-07,236.869995,238.479996,234.5,234.860001,219.46524,908800
2021-10-08,234.429993,237.960007,233.520004,236.0,220.530518,623700
2021-10-11,237.100006,237.759995,232.289993,232.440002,217.203873,979000
2021-10-12,232.5,234.119995,229.520004,230.139999,215.054642,865800
2021-10-13,231.070007,232.330002,227.240005,231.539993,216.362839,731800
2021-10-14,232.589996,239.580002,231.570007,238.830002,223.175034,815100
2021-10-15,241.410004,241.5,238.029999,238.279999,222.661057,673100
2021-10-18,235.889999,237.809998,235.539993,237.039993,221.50235,745800
2021-10-19,239.089996,240.649994,237.440002,240.119995,224.380447,772600
2021-10-20,240.119995,243.220001,239.220001,242.830002,226.912827,907800
2021-10-21,242.0,242.130005,238.979996,240.710007,224.931793,522200
2021-10-22,241.0,242.350006,239.169998,240.710007,224.931793,660000
2021-10-25,239.699997,242.979996,238.75,241.360001,225.539185,663700
2021-10-26,242.039993,242.039993,238.899994,238.899994,223.240417,750800
2021-10-27,238.649994,238.649994,234.240005,234.850006,219.455902,789300
2021-10-28,235.070007,242.820007,235.0,242.740005,226.82872,759400
2021-10-29,243.0,243.259995,238.550003,239.839996,224.11882,1070300
2021-11-01,240.899994,247.479996,240.0,245.330002,229.248947,914200
2021-11-02,245.729996,245.729996,238.559998,242.279999,226.398865,1115600
2021-11-03,239.509995,240.339996,233.5,235.479996,220.044571,1236400
2021-11-04,235.869995,238.179993,234.529999,235.160004,219.74559,739500
2021-11-05,236.050003,238.570007,235.139999,237.070007,221.530411,683300
2021-11-08,238.0,239.800003,235.899994,238.059998,222.455505,619300
2021-11-09,237.660004,238.839996,233.740005,236.199997,220.717392,882400
2021-11-10,235.850006,241.589996,234.869995,237.710007,222.128418,921600
2021-11-11,238.0,238.610001,233.770004,236.300003,220.810837,656200
2021-11-12,236.830002,237.529999,234.039993,236.339996,220.848236,754300
2021-11-15,237.0,237.690002,234.440002,236.029999,220.558533,546600
2021-11-16,236.75,238.589996,235.279999,235.419998,219.988525,1002800
2021-11-17,235.679993,235.679993,230.270004,231.889999,216.689911,1196400
2021-11-18,231.059998,231.160004,226.880005,228.100006,214.489548,914200
2021-11-19,227.339996,227.479996,223.820007,223.889999,210.530746,1412900
2021-11-22,224.839996,230.729996,222.339996,227.979996,214.376709,1327000
2021-11-23,228.710007,229.800003,225.940002,227.839996,214.245071,1249300
2021-11-24,227.619995,228.949997,225.119995,225.860001,212.383194,1143800
2021-11-26,220.0,221.0,216.729996,219.679993,206.571945,696300
2021-11-29,221.0,221.0,216.190002,217.270004,204.305756,1114400
2021-11-30,215.509995,216.419998,209.089996,209.75,197.234451,2436300
2021-12-01,213.270004,215.899994,209.089996,209.119995,196.642059,1447200
2021-12-02,210.380005,216.949997,209.119995,215.889999,203.008102,1589100
2021-12-03,216.809998,219.529999,215.399994,217.029999,204.080078,1231100
2021-12-06,218.770004,222.570007,217.220001,219.270004,206.186417,1187000
2021-12-07,220.940002,222.389999,219.440002,219.770004,206.656586,768200
2021-12-08,220.0,221.449997,219.149994,220.809998,207.634537,651100
2021-12-09,219.389999,220.419998,217.410004,219.580002,206.477905,859400
2021-12-10,221.179993,221.5,217.479996,218.100006,205.086243,756700
2021-12-13,217.190002,217.960007,215.029999,216.119995,203.224365,1008500
2021-12-14,215.360001,219.059998,215.0,216.580002,203.656921,975700
2021-12-15,218.970001,219.589996,216.779999,218.600006,205.556412,988000
2021-12-16,220.0,220.759995,217.25,218.289993,205.264893,945200
2021-12-17,217.410004,217.410004,210.160004,211.029999,198.43808,2441600
2021-12-20,208.320007,209.089996,203.380005,206.990005,194.639175,1318300
2021-12-21,208.619995,212.779999,208.210007,211.759995,199.124542,1038100
2021-12-22,212.190002,212.589996,210.440002,210.919998,198.334641,755200
2021-12-23,212.369995,214.570007,211.289993,213.970001,201.202667,649100
2021-12-27,213.410004,216.330002,213.179993,216.210007,203.309021,480700
2021-12-28,215.479996,218.850006,215.479996,217.529999,204.550232,539400
2021-12-29,217.449997,219.679993,217.0,218.720001,205.669235,559500
2021-12-30,219.320007,220.570007,217.660004,217.839996,204.841721,444200
2021-12-31,217.020004,219.119995,217.020004,218.139999,205.123856,668100
2022-01-03,218.710007,220.779999,218.270004,219.529999,206.430908,864000
2022-01-04,221.529999,228.639999,220.759995,227.910004,214.310913,1020700
2022-01-05,228.25,232.320007,226.919998,226.949997,213.408173,1494800
2022-01-06,229.039993,233.0,227.759995,230.190002,216.454849,1062000
2022-01-07,230.0,235.0,229.490005,234.350006,220.366638,1311900
2022-01-10,235.509995,236.399994,229.399994,231.380005,217.573837,1040300
2022-01-11,232.0,233.210007,228.509995,232.389999,218.523544,1026000
2022-01-12,232.520004,233.839996,230.080002,231.660004,217.837112,762300
2022-01-13,232.199997,238.050003,232.199997,235.979996,221.899338,782100
2022-01-14,234.199997,237.729996,232.970001,237.539993,223.366241,999800
2022-01-18,235.789993,237.149994,232.550003,236.0,221.918182,1176000
2022-01-19,236.889999,237.020004,230.309998,231.100006,217.310547,1253100
2022-01-20,231.279999,232.5,225.940002,226.720001,213.191895,1156500
2022-01-21,226.839996,227.5,222.75,223.360001,210.032349,983800
2022-01-24,219.889999,224.970001,216.929993,224.0,210.634171,1584000
2022-01-25,221.199997,229.119995,215.240005,226.660004,213.135452,1347800
2022-01-26,228.160004,232.949997,224.320007,225.850006,212.37381,1564700
2022-01-27,227.75,230.100006,222.259995,224.080002,210.709412,794000
2022-01-28,222.210007,222.860001,214.289993,220.990005,207.803802,1083300
2022-01-31,219.210007,221.020004,215.800003,220.880005,207.700378,1108000
2022-02-01,220.330002,226.470001,219.979996,225.529999,212.072891,933700
2022-02-02,225.399994,226.570007,221.880005,226.470001,212.956818,1836100
2022-02-03,219.0,234.199997,218.800003,227.25,213.690262,1838500
2022-02-04,226.160004,230.850006,222.690002,228.600006,214.959702,1235900
2022-02-07,229.119995,229.399994,225.729996,226.539993,213.022614,1267800
2022-02-08,228.130005,229.369995,220.440002,223.509995,210.173431,1358200
2022-02-09,223.809998,226.779999,223.119995,225.5,212.044693,1051200
2022-02-10,223.289993,228.600006,222.190002,223.220001,209.900726,1007200
2022-02-11,222.970001,226.419998,220.649994,222.169998,208.913361,883600
2022-02-14,223.869995,224.0,218.0,219.440002,206.346268,1008300
2022-02-15,220.979996,224.259995,220.580002,222.380005,209.11087,898700
2022-02-16,221.470001,226.339996,220.75,223.309998,209.985352,1291100
2022-02-17,220.479996,223.5,217.580002,218.690002,206.985031,973600
2022-02-18,217.369995,221.919998,217.0,218.050003,206.379288,830300
2022-02-22,220.720001,220.720001,213.470001,214.089996,202.631226,1556600
2022-02-23,214.509995,215.270004,204.970001,205.830002,194.813354,1857500
2022-02-24,202.080002,204.0,198.130005,203.270004,192.39035,1519200
2022-02-25,203.910004,206.669998,202.559998,203.850006,192.939301,1545500
2022-02-28,201.100006,206.130005,200.729996,204.119995,193.194855,1956300
2022-03-01,203.679993,205.0,192.020004,196.070007,185.575745,2213000
2022-03-02,198.029999,209.259995,197.800003,207.080002,195.996445,2224000
2022-03-03,208.240005,212.100006,205.889999,208.990005,197.804214,1264600
2022-03-04,204.160004,205.919998,199.25,202.039993,191.226181,1830200
2022-03-07,201.509995,202.160004,189.5,189.600006,179.452026,2686900
2022-03-08,191.470001,201.009995,189.619995,193.009995,182.679489,1676800
2022-03-09,196.690002,200.880005,196.470001,198.440002,187.818878,1407800
2022-03-10,195.75,198.119995,193.679993,197.199997,186.645248,1008000
2022-03-11,198.809998,199.529999,195.059998,195.289993,184.837463,1186300
2022-03-14,197.399994,201.190002,196.229996,197.770004,187.184723,1114300
2022-03-15,199.240005,200.589996,196.429993,198.470001,187.847275,940400
2022-03-16,199.570007,205.470001,198.419998,205.259995,194.273819,1314100
2022-03-17,202.259995,206.509995,202.110001,205.410004,194.415817,732600
2022-03-18,202.470001,207.080002,199.279999,206.75,195.684113,3453600
2022-03-21,205.610001,209.369995,204.440002,206.149994,195.116211,972000
2022-03-22,208.190002,211.039993,207.729996,209.669998,198.447815,1096600
2022-03-23,207.559998,210.5,206.570007,208.029999,196.895599,1060800
2022-03-24,209.229996,211.839996,207.509995,209.240005,198.040833,804200
2022-03-25,209.240005,210.199997,207.580002,209.660004,198.438339,557800
2022-03-28,208.850006,208.850006,204.710007,207.720001,196.602188,642900
2022-03-29,209.220001,213.009995,208.949997,212.380005,201.012772,709600
2022-03-30,212.119995,212.119995,208.130005,209.570007,198.353165,716100
2022-03-31,208.410004,209.539993,205.0,205.110001,194.131851,1112000
2022-04-01,206.869995,207.119995,198.410004,201.029999,190.270248,1346600
2022-04-04,200.130005,202.860001,194.0,202.289993,191.462784,1916400
2022-04-05,201.830002,203.029999,197.800003,200.089996,189.380539,1180900
2022-04-06,198.050003,198.850006,195.130005,198.509995,187.885101,1221200
2022-04-07,197.619995,197.789993,194.410004,196.110001,185.613571,881900
2022-04-08,195.679993,197.809998,193.339996,194.690002,184.269592,1259300
2022-04-11,194.690002,198.350006,192.740005,192.929993,182.603775,1119600
2022-04-12,193.139999,197.229996,192.169998,192.580002,182.272522,1012000
2022-04-13,191.759995,195.380005,191.550003,194.600006,184.184418,848400
2022-04-14,195.119995,197.020004,193.929993,195.940002,185.452667,995700
2022-04-18,195.639999,198.639999,195.639999,196.710007,186.181488,585400
2022-04-19,197.389999,201.940002,197.389999,201.279999,190.506851,1174900
2022-04-20,203.5,205.75,202.860001,204.809998,193.847931,883900
2022-04-21,207.199997,209.619995,206.110001,206.860001,195.788223,971200
2022-04-22,204.850006,205.610001,198.860001,199.199997,188.538193,855200
2022-04-25,198.0,198.0,191.369995,196.149994,185.651413,1415600
2022-04-26,194.860001,197.929993,190.449997,190.589996,180.389008,936900
2022-04-27,190.529999,197.130005,190.419998,194.869995,184.439941,927300
2022-04-28,196.080002,196.770004,192.529999,194.479996,184.070847,915000
2022-04-29,193.429993,195.850006,188.419998,189.190002,179.063934,854300
2022-05-02,189.279999,195.509995,187.720001,194.929993,184.496735,1276500
2022-05-03,195.0,205.660004,195.0,202.130005,191.311371,1532400
2022-05-04,200.839996,209.039993,199.589996,208.75,197.577057,1175800
2022-05-05,205.610001,207.339996,202.080002,204.029999,193.10968,808000
2022-05-06,204.339996,204.339996,198.119995,201.720001,190.923309,886200
2022-05-09,198.889999,204.5,198.559998,202.710007,191.860336,1047600
2022-05-10,204.929993,205.080002,194.309998,197.410004,186.844009,1029700
2022-05-11,198.5,200.399994,194.589996,196.179993,185.67984,1094000
2022-05-12,195.0,199.619995,194.550003,199.440002,188.76535,1064000
2022-05-13,200.589996,203.059998,198.259995,201.119995,190.355408,1043300
2022-05-16,200.710007,204.240005,198.279999,202.690002,191.8414,750800
2022-05-17,206.479996,208.669998,203.690002,208.199997,197.056473,825400
2022-05-18,207.770004,209.960007,203.570007,204.160004,193.232712,1436000
2022-05-19,200.029999,204.910004,196.899994,201.880005,192.441513,931600
2022-05-20,201.949997,202.339996,193.679993,197.309998,188.08519,819100
2022-05-23,200.550003,202.839996,197.970001,198.740005,189.448318,640600
2022-05-24,198.339996,198.429993,192.570007,196.509995,187.322571,875700
2022-05-25,196.610001,203.509995,195.869995,202.619995,193.146927,1135100
2022-05-26,205.0,207.649994,202.919998,203.550003,194.033447,691300
2022-05-27,206.529999,208.880005,206.169998,207.970001,198.246796,642900
2022-05-31,205.759995,210.339996,204.070007,209.119995,199.343033,1246900
2022-06-01,211.100006,211.160004,204.350006,207.850006,198.132416,669300
2022-06-02,209.399994,211.789993,207.669998,211.639999,201.745209,565700
2022-06-03,209.889999,211.919998,209.289993,211.020004,201.15419,648400
2022-06-06,212.0,214.179993,211.029999,212.649994,202.707977,787500
2022-06-07,210.830002,215.470001,208.320007,215.259995,205.195953,676200
2022-06-08,214.639999,216.899994,212.899994,213.779999,203.785156,658800
2022-06-09,212.289993,214.289993,211.070007,211.5,201.611755,771400
2022-06-10,207.720001,208.259995,204.429993,205.5,195.892288,694800
2022-06-13,200.910004,201.289993,194.889999,196.199997,187.027054,1193300
2022-06-14,196.059998,199.149994,194.990005,196.610001,187.417908,844400
2022-06-15,197.610001,201.899994,197.190002,199.160004,189.848679,707100
2022-06-16,195.179993,196.190002,186.169998,189.149994,180.306671,1420400
2022-06-17,188.100006,192.559998,186.710007,191.550003,182.594482,2027800
2022-06-21,195.5,197.119995,192.610001,196.190002,187.017548,727000
2022-06-22,191.759995,195.679993,191.580002,193.869995,184.806,749900
2022-06-23,192.690002,194.460007,184.279999,185.889999,177.199081,1227200
2022-06-24,188.020004,195.100006,187.929993,195.020004,185.902237,1130400
2022-06-27,196.949997,198.889999,193.210007,195.380005,186.245422,583500
2022-06-28,197.330002,201.25,195.5,196.059998,186.893616,731700
2022-06-29,196.369995,196.369995,192.740005,193.75,184.691605,689700
2022-06-30,191.190002,194.410004,189.100006,193.529999,184.481903,715300
2022-07-01,194.179993,196.979996,190.75,194.110001,185.034775,760000
2022-07-05,189.800003,194.199997,187.919998,194.080002,185.00621,764100
2022-07-06,193.580002,196.130005,191.520004,194.520004,185.425644,678900
2022-07-07,201.169998,203.610001,199.919998,201.279999,191.869553,1093300
2022-07-08,201.339996,202.190002,198.0,200.529999,191.154648,1020900
2022-07-11,199.449997,201.369995,196.360001,196.789993,187.589493,672800
2022-07-12,196.690002,203.929993,196.360001,201.169998,191.764709,1083100
2022-07-13,198.529999,202.860001,197.580002,199.589996,190.258575,1030400
2022-07-14,195.949997,196.080002,191.600006,194.830002,185.72113,1037100
2022-07-15,198.100006,198.880005,195.300003,196.360001,187.179611,2874400
2022-07-18,198.5,199.429993,195.839996,197.619995,188.380707,911800
2022-07-19,199.940002,205.729996,199.570007,205.050003,195.463318,1321500
2022-07-20,201.380005,206.779999,200.339996,205.679993,196.063843,994400
2022-07-21,204.169998,206.229996,203.289993,206.130005,196.492828,649500
2022-07-22,206.820007,207.429993,203.570007,205.199997,195.606293,696200
2022-07-25,206.330002,207.610001,204.220001,206.289993,196.645325,702600
2022-07-26,205.460007,208.130005,202.889999,204.449997,194.891357,647400
2022-07-27,205.009995,210.529999,203.460007,209.169998,199.390686,977500
2022-07-28,210.470001,216.050003,210.039993,215.190002,205.129242,1250800
2022-07-29,216.440002,221.539993,215.630005,221.309998,210.963089,1073400
2022-08-01,218.279999,220.300003,216.279999,217.839996,207.655334,1053300
2022-08-02,218.990005,223.940002,215.699997,218.610001,208.389328,1385200
2022-08-03,219.619995,220.0,217.0,217.770004,207.588608,895300
2022-08-04,216.490005,221.259995,216.300003,219.539993,209.275864,672200
2022-08-05,217.960007,220.449997,217.449997,220.020004,209.733414,658300
2022-08-08,222.809998,223.199997,218.559998,219.509995,209.247253,749600
2022-08-09,219.270004,219.479996,216.960007,218.119995,207.922241,591500
2022-08-10,221.740005,222.949997,221.139999,221.889999,211.515991,649800
2022-08-11,224.160004,225.610001,222.940002,223.880005,213.412964,909200
2022-08-12,224.130005,227.860001,223.25,227.759995,217.111542,719700
2022-08-15,225.820007,231.100006,225.5,230.740005,219.95224,826400
2022-08-16,230.169998,233.850006,230.169998,232.399994,221.534607,818200
2022-08-17,229.240005,232.630005,228.529999,230.270004,219.504196,920700
2022-08-18,229.580002,230.729996,228.600006,230.199997,220.943909,479000
2022-08-19,229.309998,229.589996,227.429993,228.580002,219.389023,597100
2022-08-22,225.110001,225.820007,223.460007,224.399994,215.37706,684800
2022-08-23,224.729996,227.509995,223.460007,225.020004,215.972168,857800
2022-08-24,224.600006,225.630005,223.460007,225.289993,216.231308,640400
2022-08-25,226.75,229.130005,226.050003,228.970001,219.763351,636500
2022-08-26,230.190002,230.320007,222.350006,222.5,213.553482,863400
2022-08-29,220.550003,222.550003,219.839996,221.289993,212.392166,747300
2022-08-30,221.899994,222.089996,216.729996,218.160004,209.388,727000
2022-08-31,217.75,218.080002,213.929993,215.369995,206.71019,1146400
2022-09-01,213.880005,215.199997,212.119995,214.919998,206.278275,664600
2022-09-02,217.820007,218.550003,211.949997,212.869995,204.310715,565200
2022-09-06,214.149994,215.679993,211.259995,212.440002,203.897995,640400
2022-09-07,212.139999,216.660004,211.190002,216.0,207.31485,684800
2022-09-08,213.919998,215.029999,211.25,214.800003,206.163101,586400
2022-09-09,217.809998,219.339996,216.529999,218.470001,209.685532,594400
2022-09-12,219.809998,221.779999,218.740005,219.610001,210.779678,637800
2022-09-13,215.039993,216.990005,211.559998,212.679993,204.128342,840200
2022-09-14,212.889999,214.229996,210.830002,213.259995,204.685043,642500
2022-09-15,212.539993,214.559998,210.699997,211.509995,203.005386,629600
2022-09-16,209.759995,212.070007,208.440002,211.190002,202.698242,1290900
2022-09-19,209.119995,215.440002,208.839996,215.110001,206.460632,507400
2022-09-20,213.5,213.830002,211.289993,212.690002,204.137955,571900
2022-09-21,214.25,216.220001,210.740005,210.759995,202.285538,877400
2022-09-22,210.800003,212.0,207.039993,207.039993,198.715118,780200
2022-09-23,204.429993,204.440002,200.740005,204.0,195.797348,771900
2022-09-26,203.220001,206.619995,202.449997,202.679993,194.530426,648000
2022-09-27,204.800003,207.289993,200.399994,203.169998,195.000748,1005200
2022-09-28,204.720001,209.089996,203.360001,207.570007,199.223831,618300
2022-09-29,205.789993,206.429993,201.339996,204.589996,196.363617,944100
2022-09-30,204.940002,208.0,201.380005,203.509995,195.327072,978300
2022-10-03,206.320007,211.800003,205.449997,209.589996,201.162567,911000
2022-10-04,213.220001,221.690002,212.610001,221.529999,212.622482,1396600
2022-10-05,219.630005,225.270004,217.350006,224.360001,215.338715,1275600
2022-10-06,223.690002,226.009995,220.619995,220.779999,211.902664,1288400
2022-10-07,218.990005,219.630005,216.0,218.039993,209.272812,1028400
2022-10-10,218.389999,220.759995,217.0,219.240005,210.424591,600300
2022-10-11,218.539993,223.210007,216.419998,220.070007,211.221207,727900
2022-10-12,220.300003,220.919998,218.100006,218.100006,209.330429,884500
2022-10-13,215.0,226.240005,212.449997,224.339996,215.319489,924600
2022-10-14,224.970001,226.449997,218.809998,219.25,210.434174,740700
2022-10-17,222.949997,224.720001,219.800003,220.110001,211.259598,647900
2022-10-18,224.789993,225.970001,221.110001,223.940002,214.935608,590100
2022-10-19,223.149994,225.880005,221.720001,224.759995,215.72261,729600
2022-10-20,224.75,225.639999,218.880005,220.279999,211.42276,653900
2022-10-21,222.830002,234.979996,221.990005,232.789993,223.429749,1873100
2022-10-24,233.5,235.75,231.0,233.559998,224.168762,881400
2022-10-25,234.0,237.649994,231.419998,234.679993,225.243759,778000
2022-10-26,236.339996,238.710007,233.809998,236.970001,227.441681,835900
2022-10-27,240.039993,242.070007,237.229996,238.929993,229.322845,911600
2022-10-28,239.369995,246.25,238.929993,244.779999,234.937653,851800
2022-10-31,243.179993,246.070007,241.449997,244.509995,234.678482,820300
2022-11-01,246.979996,248.399994,243.839996,246.699997,236.780426,1034900
2022-11-02,244.979996,249.850006,240.589996,241.25,231.549591,1355400
2022-11-03,222.300003,234.759995,217.75,232.759995,223.400925,2438900
2022-11-04,236.559998,239.860001,234.339996,238.369995,228.785385,1238200
2022-11-07,239.399994,240.0,233.160004,236.550003,227.038559,1362600
2022-11-08,236.0,241.309998,235.639999,239.169998,229.553223,1095400
2022-11-09,237.479996,239.679993,236.820007,237.690002,228.132736,945700
2022-11-10,243.369995,243.529999,238.550003,242.130005,232.39418,1475000
2022-11-11,242.119995,250.149994,241.779999,248.169998,238.19133,1432300
2022-11-14,248.419998,252.600006,248.0,249.070007,239.055145,1067400
2022-11-15,250.369995,254.089996,249.690002,250.710007,240.629211,1128700
2022-11-16,249.050003,251.960007,248.470001,249.970001,239.918945,872100
2022-11-17,244.990005,248.580002,241.619995,248.380005,239.899658,886700
2022-11-18,251.25,251.630005,247.619995,250.309998,241.763733,788100
2022-11-21,250.009995,251.369995,246.729996,246.850006,238.421875,1064700
2022-11-22,248.360001,250.899994,247.830002,250.270004,241.725113,1057100
2022-11-23,251.029999,253.529999,249.919998,250.860001,242.294968,858200
2022-11-25,251.110001,251.779999,249.690002,250.419998,241.869995,253400
2022-11-28,248.5,249.669998,244.5,245.639999,237.253189,870200
2022-11-29,246.25,249.320007,244.509995,246.419998,238.006546,946100
2022-11-30,245.960007,252.740005,243.809998,251.160004,242.584732,1786000
2022-12-01,251.940002,252.520004,247.690002,249.259995,240.749588,1018700
2022-12-02,246.720001,250.830002,246.279999,249.75,241.22287,551900
2022-12-05,247.259995,248.059998,244.190002,245.350006,236.973083,662600
2022-12-06,246.270004,247.830002,244.270004,245.779999,237.388412,676600
2022-12-07,244.940002,246.800003,243.820007,243.940002,235.611237,689700
2022-12-08,245.610001,246.070007,241.639999,243.580002,235.263535,750100
2022-12-09,243.919998,244.410004,237.330002,238.139999,230.009247,841000
2022-12-12,237.669998,242.179993,236.509995,242.119995,233.853378,835400
2022-12-13,246.960007,246.960007,239.789993,242.75,234.461853,909600
2022-12-14,244.190002,248.029999,240.809998,241.839996,233.582932,967200
2022-12-15,239.559998,239.839996,233.589996,235.919998,227.865051,935000
2022-12-16,232.729996,235.800003,231.570007,235.600006,227.556,2596000
2022-12-19,236.300003,241.279999,236.110001,237.190002,229.09169,1097000
2022-12-20,237.809998,240.899994,237.240005,237.460007,229.352478,591400
2022-12-21,239.460007,243.699997,238.779999,242.220001,233.949936,794900
2022-12-22,240.399994,241.919998,237.100006,240.679993,232.462524,573200
2022-12-23,240.990005,243.809998,239.860001,241.259995,233.022751,409300
2022-12-27,242.029999,246.419998,241.869995,244.089996,235.756104,805100
2022-12-28,244.940002,245.460007,239.679993,241.300003,233.061356,504800
2022-12-29,242.809998,243.460007,239.149994,241.729996,233.476685,681100
2022-12-30,240.720001,242.389999,239.360001,242.289993,234.017563,480400
2023-01-03,243.139999,243.619995,238.869995,241.039993,232.810242,609900
2023-01-04,241.589996,242.509995,236.940002,240.460007,232.250061,1135200
2023-01-05,238.559998,240.240005,235.570007,236.720001,228.637741,1039300
2023-01-06,238.649994,245.059998,238.649994,243.899994,235.572601,733600
2023-01-09,243.639999,247.5,243.0,244.289993,235.94928,977600
2023-01-10,243.419998,247.899994,242.740005,247.720001,239.262192,526000
2023-01-11,249.160004,250.169998,247.020004,250.169998,241.628525,743800
2023-01-12,250.169998,252.360001,249.130005,250.110001,241.570572,534600
2023-01-13,248.679993,252.809998,247.080002,252.649994,244.023849,775300
2023-01-17,253.0,254.470001,248.809998,249.139999,240.633698,769000
2023-01-18,249.910004,250.229996,240.979996,241.369995,233.128967,1037700
2023-01-19,240.0,240.979996,233.479996,235.479996,227.440079,785500
2023-01-20,236.279999,237.940002,234.570007,235.550003,227.50769,982000
2023-01-23,235.949997,242.970001,235.789993,242.869995,234.577774,1023400
2023-01-24,244.0,251.110001,240.0,247.860001,239.3974,1676300
2023-01-25,245.619995,246.490005,241.949997,246.259995,237.85202,767600
2023-01-26,247.789993,249.470001,245.460007,247.779999,239.320129,521900
2023-01-27,248.190002,250.320007,247.619995,248.690002,240.199051,457700
2023-01-30,247.289993,249.770004,246.619995,246.820007,238.392929,398100
2023-01-31,247.389999,249.550003,244.690002,249.539993,241.02002,584800
2023-02-01,247.25,252.539993,246.0,250.910004,242.343262,772100
2023-02-02,251.669998,257.540009,248.770004,256.51001,247.75206,1510400
2023-02-03,254.860001,258.269989,254.860001,256.109985,247.365707,924900
2023-02-06,257.690002,257.690002,249.25,250.899994,242.333588,1267700
2023-02-07,250.369995,252.389999,247.75,251.660004,243.067657,784500
2023-02-08,250.080002,251.630005,246.169998,247.110001,238.672989,796600
2023-02-09,248.899994,250.779999,245.220001,246.160004,237.755432,577700
2023-02-10,245.800003,246.970001,243.660004,246.919998,238.489487,837100
2023-02-13,247.429993,248.889999,246.229996,248.839996,240.343918,623300
2023-02-14,248.059998,249.360001,242.889999,248.410004,239.928619,640200
2023-02-15,247.970001,254.080002,246.550003,253.839996,245.173218,793300
2023-02-16,250.550003,256.549988,249.839996,253.970001,245.298782,920900
2023-02-17,254.360001,259.519989,252.509995,257.470001,248.679276,1317000
2023-02-21,255.759995,256.519989,250.460007,251.300003,242.71994,839300
2023-02-22,251.520004,253.949997,248.929993,250.039993,241.502945,854300
2023-02-23,249.960007,251.889999,245.990005,247.660004,240.715683,714600
2023-02-24,245.610001,245.610001,240.899994,244.110001,237.265228,940600
2023-02-27,246.100006,246.860001,242.199997,243.199997,236.380722,765200
2023-02-28,243.550003,244.380005,242.270004,243.080002,236.264099,1677400
2023-03-01,243.610001,250.75,242.990005,249.210007,242.222214,1441400
2023-03-02,248.179993,254.550003,247.520004,252.869995,245.779587,1043700
2023-03-03,253.380005,258.5,252.330002,258.059998,250.824066,1042900
2023-03-06,257.880005,259.470001,256.779999,257.859985,250.629654,934900
2023-03-07,257.799988,261.910004,255.690002,256.290009,249.103699,1468000
2023-03-08,256.820007,257.480011,254.410004,256.48999,249.298065,1041200
2023-03-09,257.070007,258.269989,249.589996,250.580002,243.553787,1567500
2023-03-10,249.839996,251.429993,241.190002,241.820007,235.039429,1049700
2023-03-13,238.0,238.960007,232.929993,236.259995,229.63533,2043100
2023-03-14,239.869995,241.429993,234.960007,237.789993,231.122437,1413000
2023-03-15,232.850006,234.089996,225.759995,230.490005,224.027115,1391500
2023-03-16,228.899994,232.740005,226.669998,231.839996,225.339264,1355800
2023-03-17,230.0,230.440002,223.809998,225.210007,218.895172,6126600
2023-03-20,227.520004,232.0,225.820007,229.970001,223.521698,1064600
2023-03-21,233.429993,234.919998,232.619995,234.369995,227.798325,1040300
2023-03-22,234.169998,236.119995,229.330002,229.429993,222.996826,811900
2023-03-23,229.309998,231.809998,224.479996,226.190002,219.847687,989400
2023-03-24,223.839996,224.679993,220.589996,223.899994,217.621902,1366100
2023-03-27,226.0,227.479996,223.630005,226.940002,220.576645,685800
2023-03-28,226.919998,229.979996,225.740005,229.460007,223.026001,1065700
2023-03-29,232.330002,232.880005,230.220001,232.710007,226.184875,659700
2023-03-30,234.539993,235.570007,233.550003,234.089996,227.526169,818200
2023-03-31,235.169998,239.330002,234.410004,238.880005,232.18187,1158400
2023-04-03,238.830002,241.509995,236.649994,238.639999,231.948593,698600
2023-04-04,238.880005,239.039993,229.850006,231.899994,225.397568,879800
2023-04-05,229.639999,231.009995,217.309998,220.350006,214.171448,1843700
2023-04-06,220.419998,221.740005,218.419998,220.330002,214.151993,861200
2023-04-10,220.389999,225.940002,220.220001,225.699997,219.371414,1145500
2023-04-11,227.0,231.710007,226.5,229.850006,223.40506,956100
2023-04-12,231.009995,236.509995,230.899994,232.820007,226.291794,1969500
2023-04-13,232.210007,233.229996,228.289993,231.080002,224.600571,644200
2023-04-14,231.339996,235.449997,231.339996,233.610001,227.059631,571800
2023-04-17,234.690002,236.169998,232.669998,234.520004,227.944107,607800
2023-04-18,235.820007,237.779999,234.119995,235.960007,229.34375,645600
2023-04-19,235.429993,235.429993,233.419998,234.449997,227.876083,458000
2023-04-20,233.419998,235.779999,232.210007,234.479996,227.905243,665000
2023-04-21,233.970001,234.990005,231.259995,232.880005,226.350098,448900
2023-04-24,233.630005,236.080002,233.320007,234.910004,228.323166,555000
2023-04-25,233.860001,235.880005,232.690002,233.460007,226.913834,517800
2023-04-26,231.770004,233.600006,227.5,227.830002,221.441711,1099500
2023-04-27,227.279999,231.100006,224.899994,230.889999,224.415878,922800
2023-04-28,230.770004,235.210007,230.649994,235.039993,228.449524,756100
2023-05-01,235.270004,238.119995,233.899994,234.580002,228.002426,1026700
2023-05-02,237.429993,238.990005,225.240005,227.639999,221.257034,1598500
2023-05-03,229.940002,230.600006,223.009995,224.449997,218.156464,1074700
2023-05-04,223.949997,224.580002,218.929993,221.449997,215.240585,875400
2023-05-05,224.449997,227.350006,223.630005,226.380005,220.032379,866000
2023-05-08,228.070007,228.199997,222.059998,223.740005,217.4664,712300
2023-05-09,219.25,221.080002,217.429993,221.039993,214.842087,1330100
2023-05-10,223.169998,223.75,213.960007,215.550003,209.506027,1581100
2023-05-11,213.330002,217.050003,212.059998,216.949997,210.866776,1115200
2023-05-12,218.369995,218.860001,214.820007,217.25,211.158356,650500
2023-05-15,217.580002,219.740005,215.729996,218.75,212.616318,597100
2023-05-16,217.089996,217.490005,212.160004,212.630005,206.667908,914500
2023-05-17,213.720001,217.880005,212.139999,215.710007,209.66156,978900
2023-05-18,213.039993,215.800003,210.320007,214.649994,210.160873,828500
2023-05-19,216.889999,217.360001,212.699997,216.679993,212.148407,788200
2023-05-22,216.350006,219.860001,215.300003,218.029999,213.470184,743800
2023-05-23,216.539993,218.75,215.009995,215.979996,211.463058,513900
2023-05-24,214.850006,214.899994,210.070007,210.529999,206.127029,790500
2023-05-25,210.0,212.770004,208.639999,210.960007,206.54805,774200
2023-05-26,212.309998,213.669998,210.529999,212.639999,208.192902,733000
2023-05-30,212.869995,213.899994,207.080002,209.059998,204.68779,998700
2023-05-31,207.770004,208.490005,203.179993,204.410004,200.13504,1775700
2023-06-01,204.789993,208.699997,203.929993,206.860001,202.533783,1056700
2023-06-02,210.080002,218.899994,209.0,217.800003,213.244995,1513700
2023-06-05,216.679993,218.690002,214.779999,218.259995,213.695374,897300
2023-06-06,218.5,224.559998,217.399994,222.850006,218.189407,1106800
2023-06-07,223.389999,228.139999,221.759995,226.729996,221.988235,1122000
2023-06-08,227.070007,228.759995,225.520004,226.899994,222.154678,1064900
2023-06-09,227.600006,227.600006,224.360001,226.630005,221.890335,941800
2023-06-12,227.050003,231.820007,225.279999,229.729996,224.925491,917100
2023-06-13,231.429993,239.369995,231.100006,238.639999,233.649155,1371700
2023-06-14,240.029999,241.529999,233.869995,234.309998,229.409698,1649900
2023-06-15,233.979996,238.779999,233.910004,237.190002,232.229492,1260700
2023-06-16,238.089996,238.369995,234.809998,235.809998,230.878342,1789400
2023-06-20,232.559998,234.869995,229.639999,233.130005,228.254379,1297400
2023-06-21,231.0,234.820007,229.759995,233.25,228.371887,1287400
2023-06-22,232.369995,232.369995,228.789993,230.940002,226.110199,558700
2023-06-23,228.220001,232.600006,227.229996,232.020004,227.167603,1459600
2023-06-26,232.949997,236.110001,232.5,234.229996,229.33139,731300
2023-06-27,234.820007,239.830002,232.880005,239.619995,234.608658,1168800
2023-06-28,238.610001,239.419998,236.389999,239.130005,234.128906,1033700
2023-06-29,239.830002,246.350006,238.820007,242.0,236.938889,987200
2023-06-30,243.809998,246.869995,242.669998,245.160004,240.032806,849900
2023-07-03,245.410004,249.229996,244.630005,248.399994,243.205032,622400
2023-07-05,246.0,246.880005,243.110001,243.300003,238.2117,859400
2023-07-06,241.160004,242.830002,239.759995,242.199997,237.134705,583800
2023-07-07,241.100006,248.190002,241.100006,245.800003,240.659409,814400
2023-07-10,246.110001,253.5,246.070007,253.009995,247.718613,1478800
2023-07-11,254.339996,257.709991,254.25,256.589996,251.223755,1153000
2023-07-12,259.649994,260.329987,256.230011,257.029999,251.654541,803800
2023-07-13,257.019989,257.73999,253.899994,254.490005,249.167679,834900
2023-07-14,254.190002,255.199997,249.800003,252.169998,246.896179,529200
2023-07-17,251.910004,255.520004,249.889999,255.119995,249.784485,748000
2023-07-18,255.570007,259.529999,255.119995,259.149994,253.730194,611300
2023-07-19,256.899994,259.670013,256.190002,258.850006,253.436493,645100
2023-07-20,259.649994,260.0,257.209991,259.970001,254.533035,685100
2023-07-21,260.75,261.0,257.700012,258.75,253.338593,2764800
2023-07-24,259.070007,260.559998,257.540009,257.890015,252.496567,962500
2023-07-25,255.850006,258.309998,255.0,257.809998,252.418228,628800
2023-07-26,256.440002,258.579987,254.449997,256.220001,250.861496,653800
2023-07-27,257.369995,260.040009,254.399994,258.559998,253.152542,802900
2023-07-28,260.619995,260.619995,256.75,258.75,253.338593,783700
2023-07-31,259.290009,260.929993,259.01001,260.799988,255.345688,542200
2023-08-01,260.769989,265.279999,260.299988,264.98999,259.448059,837400
2023-08-02,263.809998,265.190002,261.179993,262.220001,256.735992,1186600
2023-08-03,237.139999,248.380005,237.139999,242.639999,237.565506,2049600
2023-08-04,243.0,244.5,235.369995,236.509995,231.56369,1290500
2023-08-07,236.889999,239.419998,236.029999,237.240005,232.278442,647200
2023-08-08,234.0,239.199997,232.399994,238.330002,233.345627,612000
2023-08-09,237.779999,240.960007,237.419998,238.589996,233.600189,679800
2023-08-10,238.679993,240.720001,235.649994,237.220001,232.25885,650300
2023-08-11,237.029999,239.880005,236.029999,238.720001,233.727478,627000
2023-08-14,238.009995,238.720001,236.639999,237.089996,232.131561,395300
2023-08-15,235.940002,235.940002,231.929993,232.570007,227.706116,822400
2023-08-16,232.169998,235.360001,232.169998,232.339996,227.480896,705700
2023-08-17,233.130005,235.050003,232.399994,232.899994,228.02919,486900
2023-08-18,230.970001,236.570007,230.309998,233.619995,228.734131,616200
2023-08-21,234.139999,235.0,232.050003,233.600006,228.714569,538600
2023-08-22,234.449997,235.550003,233.529999,234.589996,229.683853,421500
2023-08-23,234.460007,236.660004,233.690002,234.279999,229.380325,543600
2023-08-24,230.880005,234.169998,230.360001,230.75,227.555954,601500
2023-08-25,232.080002,233.440002,228.850006,232.050003,228.837952,614700
2023-08-28,233.5,234.740005,231.559998,232.619995,229.400055,639000
2023-08-29,232.199997,233.649994,224.339996,230.130005,226.944534,1122000
2023-08-30,230.449997,232.5,230.089996,232.029999,228.818222,776100
2023-08-31,232.380005,232.860001,229.600006,230.039993,226.855759,1087600
2023-09-01,231.770004,237.089996,231.770004,236.639999,233.36441,809300
2023-09-05,236.5,236.5,231.800003,231.839996,228.630859,826600
2023-09-06,231.139999,236.660004,230.979996,235.690002,232.427567,862300
2023-09-07,234.089996,235.619995,231.190002,232.550003,229.331024,802300
2023-09-08,232.429993,236.089996,231.679993,234.869995,231.618912,748200
2023-09-11,236.449997,236.830002,233.399994,233.580002,230.346786,633200
2023-09-12,232.910004,236.839996,232.729996,235.399994,232.141571,529600
2023-09-13,235.009995,236.979996,231.550003,233.570007,230.336929,1366000
2023-09-14,235.149994,238.100006,234.639999,237.039993,233.758881,1195100
2023-09-15,237.25,237.25,234.25,235.369995,232.111984,1185000
2023-09-18,235.179993,238.550003,234.559998,238.339996,235.040878,1128400
2023-09-19,237.919998,239.389999,234.449997,234.679993,231.431549,1211600
2023-09-20,235.869995,239.240005,232.580002,232.800003,229.57756,884000
2023-09-21,231.949997,231.949997,228.740005,228.809998,225.642792,639900
2023-09-22,229.179993,232.25,229.039993,230.779999,227.585526,575100
2023-09-25,229.410004,232.759995,229.410004,231.509995,228.30542,486200
2023-09-26,229.270004,231.800003,228.529999,229.050003,225.879471,614400
2023-09-27,230.820007,231.770004,228.789993,229.949997,226.767029,554800
2023-09-28,228.720001,233.830002,228.330002,231.309998,228.1082,659600
2023-09-29,232.639999,233.070007,227.270004,228.460007,225.297653,815900
2023-10-02,227.919998,228.330002,224.970001,225.550003,222.427933,660600
2023-10-03,224.339996,226.470001,222.899994,223.899994,220.800766,543000
2023-10-04,223.490005,227.919998,222.619995,227.660004,224.508713,767900
2023-10-05,225.679993,227.399994,223.660004,225.419998,222.299713,581000
2023-10-06,225.350006,230.460007,224.419998,227.619995,224.469269,767400
2023-10-09,226.699997,228.830002,224.919998,228.089996,224.93277,478500
2023-10-10,229.679993,231.339996,227.940002,229.199997,226.027405,632100
2023-10-11,229.190002,230.559998,227.309998,230.050003,226.865631,529100
2023-10-12,230.589996,230.589996,225.350006,227.539993,224.390366,560700
2023-10-13,227.470001,229.610001,225.350006,227.720001,224.567902,581300
2023-10-16,227.130005,229.589996,226.970001,228.25,225.090546,484200
2023-10-17,224.369995,230.270004,223.949997,228.800003,225.632935,562900
2023-10-18,227.320007,227.320007,223.289993,223.910004,220.810623,592700
2023-10-19,223.970001,225.830002,221.050003,221.699997,218.63121,635000
2023-10-20,223.279999,223.279999,218.940002,219.190002,216.15596,863600
2023-10-23,218.580002,220.470001,216.229996,216.300003,213.305969,575700
2023-10-24,218.009995,219.830002,216.160004,219.199997,216.165817,1049100
2023-10-25,219.600006,221.789993,217.929993,218.580002,215.554398,660500
2023-10-26,218.520004,220.509995,217.770004,218.100006,215.081055,634500
2023-10-27,217.630005,218.660004,214.789993,215.240005,212.260635,638300
2023-10-30,217.039993,218.050003,214.940002,217.660004,214.647141,643900
2023-10-31,215.940002,217.399994,214.309998,216.300003,213.305969,1198800
2023-11-01,217.160004,218.720001,215.139999,218.050003,215.031738,1369400
2023-11-02,223.75,225.070007,212.800003,217.940002,214.923264,1612500
2023-11-03,220.240005,227.529999,220.119995,225.880005,222.753357,1167800
2023-11-06,226.470001,227.309998,219.940002,220.0,216.954758,881900
2023-11-07,218.899994,220.880005,217.070007,219.639999,216.599731,835400
2023-11-08,219.820007,220.050003,217.330002,217.490005,214.479492,789300
2023-11-09,219.039993,219.389999,214.669998,215.440002,212.45787,857000
2023-11-10,216.679993,219.289993,214.580002,219.020004,215.988327,999400
2023-11-13,217.080002,219.179993,216.919998,217.429993,214.420319,711100
2023-11-14,220.740005,224.759995,220.339996,222.979996,219.893509,964600
2023-11-15,223.600006,225.080002,223.089996,223.75,220.652847,840800
2023-11-16,223.220001,225.460007,222.809998,223.419998,220.327408,522100
2023-11-17,225.039993,225.639999,223.75,225.5,222.378616,523500
2023-11-20,225.0,225.669998,223.220001,224.160004,221.057175,683800
2023-11-21,224.009995,224.539993,222.130005,223.800003,220.702148,463300
2023-11-22,221.399994,224.990005,220.020004,224.509995,223.076889,881800
2023-11-24,224.020004,226.289993,223.520004,225.490005,224.050644,283900
2023-11-27,224.369995,225.050003,222.039993,224.410004,222.977539,448800
2023-11-28,223.880005,225.220001,222.75,223.75,222.321747,584100
2023-11-29,225.740005,226.479996,223.419998,223.949997,222.520477,553900
2023-11-30,225.119995,226.0,223.350006,224.160004,222.729141,1158200
2023-12-01,225.050003,227.279999,223.509995,226.309998,224.865402,894300
2023-12-04,224.600006,231.289993,224.600006,231.179993,229.704315,1026900
2023-12-05,230.710007,231.460007,228.529999,228.669998,227.210342,903100
2023-12-06,230.410004,233.0,229.960007,230.639999,229.16777,839500
2023-12-07,231.0,231.960007,229.179993,230.729996,229.257187,1038600
2023-12-08,231.309998,233.320007,229.800003,230.580002,229.108154,501700
2023-12-11,231.649994,235.440002,230.160004,235.320007,233.817902,842200
2023-12-12,235.289993,235.399994,233.229996,234.669998,233.172043,515100
2023-12-13,234.509995,239.759995,232.380005,239.350006,237.822174,897700
2023-12-14,241.029999,248.410004,241.029999,248.270004,246.685242,992100
2023-12-15,243.919998,246.850006,241.169998,241.529999,239.988251,1784100
2023-12-18,242.419998,243.139999,239.309998,242.350006,240.803024,731600
2023-12-19,243.130005,244.929993,242.850006,244.520004,242.959167,571200
2023-12-20,244.119995,245.539993,240.330002,240.529999,238.994644,610900
2023-12-21,242.660004,244.330002,241.470001,244.0,242.44249,457900
2023-12-22,233.740005,238.850006,232.740005,236.990005,235.477234,940500
2023-12-26,237.410004,240.589996,235.850006,239.490005,237.961288,521000
2023-12-27,240.039993,240.039993,237.619995,239.839996,238.309036,572700
2023-12-28,239.169998,241.449997,238.720001,240.580002,239.044327,508800
2023-12-29,240.399994,241.050003,238.649994,239.570007,238.040771,410400
2024-01-02,239.309998,242.179993,238.130005,241.179993,239.640488,611800
2024-01-03,239.160004,239.449997,235.979996,237.720001,236.202576,788800
2024-01-04,237.330002,237.830002,235.279999,235.880005,234.374329,693800
2024-01-05,235.169998,239.5,234.949997,238.160004,236.639771,613100
2024-01-08,239.029999,241.399994,236.210007,241.169998,239.630554,562900
2024-01-09,239.449997,239.809998,236.279999,239.410004,237.88179,601900
2024-01-10,239.669998,240.300003,238.309998,239.220001,237.693008,503800
2024-01-11,239.699997,240.770004,235.169998,237.559998,236.043594,714700
2024-01-12,239.979996,240.0,236.169998,237.149994,235.636215,520800
2024-01-16,235.690002,236.119995,233.350006,234.770004,233.271408,706400
2024-01-17,232.5,233.860001,230.179993,233.080002,231.592194,879300
2024-01-18,232.779999,234.160004,230.149994,233.190002,231.701492,971700
2024-01-19,230.759995,231.020004,226.529999,229.210007,227.746902,2466200
2024-01-22,229.5,234.559998,229.5,233.880005,232.3871,883000
2024-01-23,235.509995,238.770004,234.039993,236.199997,234.692276,857900
2024-01-24,238.190002,238.190002,234.490005,235.800003,234.29483,1148000
2024-01-25,238.5,240.25,236.179993,238.850006,237.325363,588000
2024-01-26,239.080002,242.929993,239.080002,240.630005,239.094009,647200
2024-01-29,240.190002,241.190002,238.380005,240.860001,239.32254,511400
2024-01-30,240.009995,243.080002,239.009995,242.800003,241.250153,593300
2024-01-31,242.770004,242.899994,238.850006,239.300003,237.772491,614200
2024-02-01,240.149994,243.089996,237.960007,242.970001,241.419067,529300
2024-02-02,241.380005,246.009995,240.130005,244.649994,243.088333,642300
2024-02-05,243.509995,244.210007,239.990005,241.110001,239.570938,1178300
2024-02-06,242.240005,251.570007,236.0,251.539993,249.934357,2127600
2024-02-07,252.889999,252.889999,247.229996,248.110001,246.52626,1293700
2024-02-08,248.0,251.389999,247.529999,249.919998,248.324692,642800
2024-02-09,249.580002,251.919998,248.729996,251.779999,250.172821,578700
2024-02-12,252.0,257.679993,251.589996,256.850006,255.210464,1004900
2024-02-13,254.5,254.660004,250.899994,254.5,252.875458,1012400
2024-02-14,258.5,262.029999,258.079987,260.470001,258.807373,4606100
2024-02-15,260.880005,267.220001,259.950012,265.799988,264.103333,3582300
2024-02-16,265.23999,269.700012,264.320007,266.480011,264.778992,2031000
2024-02-20,264.019989,266.640015,261.700012,261.839996,260.16861,1860900
2024-02-21,262.359985,266.290009,261.76001,263.190002,261.51001,3229600
2024-02-22,262.51001,263.450012,259.059998,262.880005,262.880005,1743600
2024-02-23,262.940002,264.309998,259.609985,263.970001,263.970001,2261300
2024-02-26,264.0,266.799988,261.940002,266.209991,266.209991,1514100
2024-02-27,266.880005,269.0,266.0,268.540009,268.540009,4492400
2024-02-28,268.769989,273.230011,267.459991,270.359985,270.359985,2723000
2024-02-29,271.089996,271.980011,267.640015,268.609985,268.609985,3833600
2024-03-01,271.0,272.73999,267.690002,270.26001,270.26001,1813900
2024-03-04,270.880005,274.049988,270.149994,271.309998,271.309998,3770000
2024-03-05,270.630005,275.399994,270.630005,271.350006,271.350006,5777600
2024-03-06,271.369995,275.309998,270.309998,273.440002,273.440002,7133600
2024-03-07,273.089996,276.920013,264.609985,266.209991,266.209991,11888100
2024-03-08,267.339996,273.190002,266.959991,268.600006,268.600006,11174000
2024-03-11,270.609985,271.480011,265.420013,270.149994,270.149994,18342800
2024-03-12,272.329987,272.640015,268.369995,269.769989,269.769989,12659200
2024-03-13,270.609985,274.200012,267.329987,270.23999,270.23999,9590600
2024-03-14,263.51001,267.359985,260.880005,263.579987,263.579987,6333900
2024-03-15,265.779999,274.839996,265.339996,274.839996,274.839996,4596200
2024-03-18,276.730011,287.940002,275.0,286.119995,286.119995,8187100
2024-03-19,285.579987,286.809998,280.049988,281.01001,281.01001,10413500
2024-03-20,280.720001,287.970001,278.890015,287.130005,287.130005,10480800
2024-03-21,288.0,297.109985,287.630005,291.399994,291.399994,9861200
2024-03-22,291.01001,293.630005,290.200012,290.339996,290.339996,5230700
2024-03-25,290.679993,291.369995,287.350006,287.76001,287.76001,1553700
2024-03-26,287.940002,292.079987,287.350006,291.820007,291.820007,1003900
2024-03-27,293.25,295.230011,292.059998,294.690002,294.690002,887100
2024-03-28,295.0,296.670013,292.899994,294.649994,294.649994,1107300
2024-04-01,294.290009,295.100006,292.350006,294.529999,294.529999,604700
2024-04-02,293.019989,296.920013,292.459991,295.869995,295.869995,1030900
2024-04-03,294.5,294.809998,290.570007,294.670013,294.670013,1343900
2024-04-04,297.0,300.98999,294.51001,294.75,294.75,1255000
2024-04-05,296.070007,301.5,294.820007,300.670013,300.670013,1002600
2024-04-08,301.630005,304.200012,299.350006,300.350006,300.350006,932100
2024-04-09,301.309998,302.5,297.01001,302.029999,302.029999,863600
2024-04-10,299.0,302.76001,296.76001,302.299988,302.299988,919100
2024-04-11,302.649994,304.25,299.350006,302.859985,302.859985,631100
2024-04-12,301.799988,303.940002,297.410004,298.630005,298.630005,866400
2024-04-15,299.269989,301.829987,295.119995,295.779999,295.779999,799100
2024-04-16,294.299988,295.369995,291.779999,294.579987,294.579987,672200
2024-04-17,296.790009,296.790009,289.25,291.359985,291.359985,757500
2024-04-18,293.140015,293.98999,289.700012,291.420013,291.420013,764500
2024-04-19,291.970001,293.440002,284.920013,287.559998,287.559998,2566900
