Date,Open,High,Low,Close,Adj Close,Volume
2020-09-01,7.75,7.85,6.1,6.74,6.74,826400
2020-09-02,6.67,6.67,6.1,6.5,6.5,147900
2020-09-03,6.5,6.58,6.25,6.5,6.5,105600
2020-09-04,6.55,6.75,6.26,6.73,6.73,56600
2020-09-08,6.75,6.99,6.5,6.51,6.51,64200
2020-09-09,6.79,6.79,6.45,6.58,6.58,21600
2020-09-10,6.58,6.7,6.35,6.55,6.55,25600
2020-09-11,6.4,6.65,6.1,6.1,6.1,9700
2020-09-14,6.3,6.35,5.655,6.082,6.082,20000
2020-09-15,5.85,6.15,5.65,5.7,5.7,19400
2020-09-16,5.7,5.78,5.25,5.6,5.6,52000
2020-09-17,5.356,5.7,5.265,5.7,5.7,19600
2020-09-18,5.432,5.52,5.23,5.52,5.52,22000
2020-09-21,5.37,5.5,5.3,5.419,5.419,32600
2020-09-22,5.5,5.5,5.228,5.23,5.23,18200
2020-09-23,5.22,5.5,5.22,5.28,5.28,12400
2020-09-24,5.329,5.45,5.12,5.12,5.12,11400
2020-09-25,5.01,5.24,5.01,5.133,5.133,15200
2020-09-28,5.2,5.2,4.58,4.6,4.6,32000
2020-09-29,4.7,4.98,4.5,4.6,4.6,11400
2020-09-30,4.74,4.84,4.5,4.6,4.6,14700
2020-10-01,4.72,5.03,4.47,4.5,4.5,27700
2020-10-02,4.76,5.01,4.18,4.41,4.41,14200
2020-10-05,5.08,5.58,4.75,4.94,4.94,41800
2020-10-06,4.76,5.08,4.76,4.9,4.9,5400
2020-10-07,4.99,4.99,4.99,4.99,4.99,300
2020-10-08,4.84,4.85,4.58,4.6,4.6,21100
2020-10-09,4.6,4.675,4.6,4.675,4.675,2100
2020-10-12,4.8,4.8,4.6,4.6,4.6,9400
2020-10-13,4.662,4.709,4.662,4.675,4.675,1500
2020-10-14,4.63,4.65,4.5,4.55,4.55,14400
2020-10-15,4.493,5.295,4.45,5.19,5.19,213100
2020-10-16,5.35,5.4,4.85,4.88,4.88,9700
2020-10-19,5.07,5.135,4.855,4.91,4.91,4100
2020-10-20,5.19,5.19,4.65,4.745,4.745,8900
2020-10-21,4.98,4.98,4.906,4.906,4.906,200
2020-10-22,5.207,5.21,4.92,4.92,4.92,1400
2020-10-23,4.92,4.92,4.92,4.92,4.92,100
2020-10-26,4.7,4.7,4.5,4.593,4.593,3000
2020-10-27,4.61,4.82,4.55,4.6,4.6,9700
2020-10-28,4.5,4.5,4.5,4.5,4.5,400
2020-10-29,4.559,4.7,4.559,4.59,4.59,8700
2020-10-30,4.51,4.593,4.51,4.593,4.593,400
2020-11-02,4.59,4.765,4.56,4.56,4.56,11800
2020-11-03,4.6,5.43,4.6,5.07,5.07,1513000
2020-11-04,5.0,5.0,4.4,4.61,4.61,747000
2020-11-05,4.62,4.69,4.41,4.485,4.485,236600
2020-11-06,4.445,4.445,4.05,4.31,4.31,99800
2020-11-09,4.4,4.4,4.1,4.2,4.2,89600
2020-11-10,4.2,4.35,4.03,4.19,4.19,96500
2020-11-11,4.12,4.35,4.1,4.27,4.27,87200
2020-11-12,4.291,4.4,4.259,4.273,4.273,52900
2020-11-13,4.28,4.38,4.181,4.305,4.305,36200
2020-11-16,4.292,4.36,4.2,4.33,4.33,24800
2020-11-17,4.21,4.38,4.2,4.3,4.3,22600
2020-11-18,4.34,4.34,4.151,4.18,4.18,21700
2020-11-19,4.12,4.3,4.12,4.18,4.18,14900
2020-11-20,4.15,4.325,4.15,4.16,4.16,18600
2020-11-23,4.284,4.72,4.227,4.59,4.59,214200
2020-11-24,4.6,4.64,4.41,4.501,4.501,67500
2020-11-25,4.55,4.64,4.43,4.57,4.57,55200
2020-11-27,4.61,4.663,4.51,4.63,4.63,39800
2020-11-30,4.64,4.88,4.5,4.83,4.83,161400
2020-12-01,4.8,4.81,4.46,4.58,4.58,52700
2020-12-02,4.5,4.5,4.31,4.4,4.4,38900
2020-12-03,4.4,4.4,4.17,4.21,4.21,46700
2020-12-04,4.28,4.292,4.06,4.232,4.232,27600
2020-12-07,4.23,4.4,4.18,4.34,4.34,54700
2020-12-08,4.289,4.39,4.23,4.27,4.27,29300
2020-12-09,4.23,4.61,4.23,4.495,4.495,105100
2020-12-10,4.44,4.6,4.4,4.49,4.49,46100
2020-12-11,4.443,4.59,4.3,4.39,4.39,33300
2020-12-14,4.38,4.587,4.36,4.36,4.36,24600
2020-12-15,4.355,4.55,4.32,4.47,4.47,33600
2020-12-16,4.56,4.56,4.303,4.4,4.4,21100
2020-12-17,4.6,6.7,4.52,5.4,5.4,5112700
2020-12-18,6.0,6.17,4.8,4.85,4.85,1203800
2020-12-21,4.8,5.22,4.51,4.92,4.92,678800
2020-12-22,4.89,5.102,4.7,4.76,4.76,244400
2020-12-23,4.68,5.08,4.55,4.7,4.7,214200
2020-12-24,4.76,4.9,4.65,4.9,4.9,138800
2020-12-28,4.7,4.99,4.65,4.74,4.74,70200
2020-12-29,4.72,4.75,4.4,4.5,4.5,76500
2020-12-30,4.51,4.7,4.51,4.61,4.61,44300
2020-12-31,4.56,4.65,4.34,4.47,4.47,41800
2021-01-04,4.49,4.643,4.17,4.35,4.35,241900
2021-01-05,4.27,4.5,4.23,4.28,4.28,43100
2021-01-06,4.28,4.35,3.82,4.059,4.059,169200
2021-01-07,4.15,4.25,3.849,4.15,4.15,99800
2021-01-08,4.17,4.22,4.05,4.12,4.12,27100
2021-01-11,4.16,4.26,3.96,4.14,4.14,34800
2021-01-12,4.13,4.353,4.06,4.24,4.24,60400
2021-01-13,4.24,4.29,4.15,4.26,4.26,49900
2021-01-14,4.26,4.48,4.195,4.4,4.4,73600
2021-01-15,4.42,4.46,4.15,4.25,4.25,50900
2021-01-19,4.26,4.46,4.15,4.175,4.175,23900
2021-01-20,4.15,4.36,4.15,4.23,4.23,23900
2021-01-21,4.19,4.69,4.16,4.47,4.47,157200
2021-01-22,4.45,4.6,4.45,4.45,4.45,35000
2021-01-25,4.57,4.61,4.3,4.47,4.47,42200
2021-01-26,4.54,4.92,4.415,4.91,4.91,106500
2021-01-27,4.84,5.228,4.17,4.4,4.4,206800
2021-01-28,4.4,4.75,4.329,4.36,4.36,67000
2021-01-29,4.43,4.8,4.38,4.52,4.52,75000
2021-02-01,4.55,4.79,4.35,4.48,4.48,47200
2021-02-02,4.49,4.64,4.39,4.42,4.42,75400
2021-02-03,4.42,4.59,4.22,4.46,4.46,95400
2021-02-04,4.55,4.84,4.464,4.82,4.82,62000
2021-02-05,4.78,4.9,4.64,4.64,4.64,51700
2021-02-08,4.88,4.88,4.62,4.71,4.71,50800
2021-02-09,4.72,6.42,4.7,5.66,5.66,1295400
2021-02-10,5.75,6.786,5.13,5.91,5.91,1059000
2021-02-11,6.07,6.07,5.26,5.41,5.41,207200
2021-02-12,5.27,5.99,5.082,5.46,5.46,429500
2021-02-16,5.75,5.8,5.41,5.5,5.5,1241200
2021-02-17,6.0,6.7,5.75,6.38,6.38,846100
2021-02-18,6.01,6.2,5.669,5.82,5.82,236800
2021-02-19,5.85,7.25,5.83,6.5,6.5,752600
2021-02-22,6.38,7.23,6.36,6.82,6.82,321800
2021-02-23,6.49,6.8,5.66,6.38,6.38,391600
2021-02-24,6.34,6.75,6.29,6.5,6.5,209400
2021-02-25,6.5,6.71,5.9,6.3,6.3,202000
2021-02-26,6.16,6.68,5.874,6.49,6.49,184200
2021-03-01,6.65,7.24,6.42,6.42,6.42,441800
2021-03-02,6.49,7.06,6.49,6.75,6.75,338600
2021-03-03,6.9,6.95,6.38,6.55,6.55,179400
2021-03-04,6.42,6.48,4.65,5.04,5.04,342900
2021-03-05,5.23,6.01,4.85,5.3,5.3,571800
2021-03-08,5.29,5.69,5.08,5.31,5.31,160100
2021-03-09,5.44,5.7,5.2,5.37,5.37,185600
2021-03-10,5.45,5.81,5.4,5.68,5.68,121800
2021-03-11,5.62,5.97,5.375,5.5,5.5,151000
2021-03-12,5.44,5.6,5.31,5.36,5.36,81700
2021-03-15,5.38,5.6,5.02,5.19,5.19,111400
2021-03-16,5.21,5.55,5.21,5.46,5.46,95900
2021-03-17,5.29,5.76,5.29,5.67,5.67,81900
2021-03-18,5.73,5.789,4.86,5.0,5.0,177600
2021-03-19,4.92,4.96,4.2,4.6,4.6,338200
2021-03-22,4.89,4.89,4.56,4.7,4.7,73300
2021-03-23,4.7,4.745,4.435,4.61,4.61,31200
2021-03-24,4.7,4.79,4.32,4.45,4.45,24800
2021-03-25,4.28,4.37,4.06,4.1,4.1,116500
2021-03-26,4.17,4.496,4.05,4.1,4.1,97000
2021-03-29,4.04,4.27,4.02,4.21,4.21,24900
2021-03-30,4.16,4.42,4.1,4.34,4.34,36000
2021-03-31,4.4,4.69,4.22,4.42,4.42,63800
2021-04-01,4.42,4.75,4.42,4.7,4.7,55600
2021-04-05,4.7,4.75,4.5,4.66,4.66,22200
2021-04-06,4.75,4.75,4.37,4.5,4.5,73500
2021-04-07,4.5,4.5,4.32,4.35,4.35,8300
2021-04-08,4.3,4.39,4.23,4.37,4.37,14000
2021-04-09,4.235,4.31,4.16,4.23,4.23,15500
2021-04-12,4.39,4.39,3.96,4.05,4.05,52400
2021-04-13,4.02,4.31,3.64,3.955,3.955,113400
2021-04-14,3.725,3.97,3.66,3.66,3.66,56200
2021-04-15,3.74,3.916,3.339,3.44,3.44,100300
2021-04-16,3.44,3.44,3.0,3.1,3.1,128400
2021-04-19,3.11,3.53,2.85,3.53,3.53,195100
2021-04-20,3.41,3.45,3.15,3.16,3.16,68000
2021-04-21,3.1,3.49,3.1,3.1,3.1,210900
2021-04-22,3.1,3.25,3.05,3.09,3.09,125400
2021-04-23,3.11,3.46,3.03,3.29,3.29,210900
2021-04-26,3.36,3.46,3.27,3.32,3.32,73300
2021-04-27,3.36,3.58,3.11,3.3,3.3,231600
2021-04-28,3.31,3.62,3.25,3.37,3.37,301200
2021-04-29,3.36,3.57,3.28,3.42,3.42,341000
2021-04-30,3.32,3.387,3.1,3.16,3.16,188000
2021-05-03,3.24,3.29,3.097,3.11,3.11,69900
2021-05-04,3.16,3.24,2.903,2.95,2.95,164800
2021-05-05,2.93,3.16,2.871,2.9,2.9,155100
2021-05-06,2.9,3.049,2.62,2.66,2.66,164400
2021-05-07,2.68,2.85,2.647,2.73,2.73,309300
2021-05-10,2.72,2.73,2.43,2.51,2.51,97100
2021-05-11,2.33,2.66,2.18,2.41,2.41,205800
2021-05-12,2.5,2.6,2.27,2.33,2.33,98000
2021-05-13,2.33,2.64,2.23,2.46,2.46,117200
2021-05-14,2.45,2.6,2.33,2.6,2.6,90300
2021-05-17,2.58,2.681,2.48,2.5,2.5,45300
2021-05-18,2.55,2.589,2.37,2.43,2.43,38800
2021-05-19,2.39,2.63,2.31,2.44,2.44,202800
2021-05-20,2.4,2.69,2.4,2.46,2.46,82600
2021-05-21,2.63,2.67,2.42,2.5,2.5,506600
2021-05-24,2.51,2.7,2.45,2.55,2.55,253700
2021-05-25,2.66,3.55,2.6,2.78,2.78,3364500
2021-05-26,2.77,3.04,2.57,2.87,2.87,939300
2021-05-27,2.84,3.05,2.75,2.9,2.9,671000
2021-05-28,2.85,3.1,2.76,3.0,3.0,379000
2021-06-01,2.97,3.076,2.85,3.0,3.0,178900
2021-06-02,3.006,3.44,2.98,3.22,3.22,366600
2021-06-03,3.14,3.3,2.901,3.22,3.22,347800
2021-06-04,3.158,3.4,3.02,3.02,3.02,272700
2021-06-07,3.06,3.19,3.0,3.16,3.16,83000
2021-06-08,3.11,3.16,2.91,2.95,2.95,194900
2021-06-09,3.02,3.07,2.67,2.76,2.76,277600
2021-06-10,2.74,3.09,2.74,2.83,2.83,296100
2021-06-11,2.943,2.943,2.8,2.82,2.82,98400
2021-06-14,2.84,3.1,2.82,3.02,3.02,133900
2021-06-15,2.98,3.077,2.8,2.81,2.81,54100
2021-06-16,2.95,2.95,2.7,2.89,2.89,141700
2021-06-17,2.99,3.05,2.81,2.85,2.85,82800
2021-06-18,2.79,3.2,2.79,2.97,2.97,162800
2021-06-21,2.91,3.101,2.78,2.89,2.89,39400
2021-06-22,2.93,3.09,2.866,3.03,3.03,69800
2021-06-23,2.97,3.14,2.93,3.02,3.02,79800
2021-06-24,3.065,3.15,3.05,3.11,3.11,28100
2021-06-25,3.02,3.101,2.9,3.01,3.01,38700
2021-06-28,2.96,3.02,2.78,2.95,2.95,71100
2021-06-29,2.82,2.96,2.81,2.92,2.92,28300
2021-06-30,2.87,2.92,2.81,2.82,2.82,28600
2021-07-01,2.8,2.88,2.79,2.86,2.86,56600
2021-07-02,2.88,3.0,2.88,2.96,2.96,40700
2021-07-06,2.95,2.95,2.8,2.83,2.83,24100
2021-07-07,2.809,2.81,2.6,2.74,2.74,57100
2021-07-08,2.64,2.73,2.53,2.73,2.73,41000
2021-07-09,2.72,2.96,2.6,2.74,2.74,41300
2021-07-12,2.84,2.853,2.66,2.76,2.76,28000
2021-07-13,2.71,3.1,2.66,2.97,2.97,145300
2021-07-14,2.94,3.059,2.77,2.85,2.85,29800
2021-07-15,2.81,3.08,2.757,3.038,3.038,108700
2021-07-16,3.45,3.46,2.8,2.8,2.8,397600
2021-07-19,2.79,2.92,2.471,2.73,2.73,220700
2021-07-20,2.69,3.786,2.69,3.15,3.15,2729400
2021-07-21,4.01,4.64,2.72,3.14,3.14,8598200
2021-07-22,4.76,7.84,3.54,4.08,4.08,36543400
2021-07-23,3.65,5.24,3.14,4.0,4.0,18238300
2021-07-26,3.58,4.1,3.32,3.33,3.33,3096700
2021-07-27,3.3,3.39,2.86,3.07,3.07,1171100
2021-07-28,3.03,3.06,2.85,2.88,2.88,662500
2021-07-29,2.92,4.09,2.77,3.46,3.46,12262600
2021-07-30,3.21,3.4,2.84,2.88,2.88,1739100
2021-08-02,2.965,3.05,2.81,2.83,2.83,734100
2021-08-03,2.86,3.11,2.73,2.77,2.77,1404600
2021-08-04,2.75,2.78,2.68,2.74,2.74,367100
2021-08-05,2.7,2.81,2.64,2.76,2.76,304800
2021-08-06,2.7,2.88,2.66,2.81,2.81,264200
2021-08-09,2.81,2.83,2.71,2.77,2.77,380000
2021-08-10,2.71,2.75,2.66,2.68,2.68,212100
2021-08-11,2.73,3.05,2.61,2.75,2.75,742100
2021-08-12,2.73,2.74,2.63,2.665,2.665,202000
2021-08-13,2.63,2.83,2.62,2.711,2.711,429600
2021-08-16,2.65,2.7,2.5,2.56,2.56,395800
2021-08-17,2.5,2.856,2.41,2.68,2.68,1609800
2021-08-18,2.7,2.95,2.69,2.85,2.85,1161300
2021-08-19,2.75,2.83,2.57,2.58,2.58,270600
2021-08-20,2.55,2.68,2.54,2.58,2.58,198300
2021-08-23,2.58,2.64,2.58,2.61,2.61,131900
2021-08-24,2.64,2.78,2.54,2.69,2.69,417000
2021-08-25,2.69,2.76,2.61,2.66,2.66,316500
2021-08-26,2.68,3.08,2.66,2.83,2.83,1436800
2021-08-27,3.45,3.47,2.8,2.92,2.92,2972600
2021-08-30,2.93,3.0,2.71,2.89,2.89,710900
2021-08-31,2.88,2.95,2.83,2.95,2.95,216800
2021-09-01,2.95,3.129,2.95,3.01,3.01,322100
2021-09-02,2.97,3.15,2.95,3.03,3.03,259700
2021-09-03,3.03,3.08,2.91,2.92,2.92,134300
2021-09-07,2.88,2.98,2.77,2.85,2.85,352800
2021-09-08,2.79,2.83,2.71,2.75,2.75,165700
2021-09-09,2.74,2.77,2.66,2.75,2.75,234000
2021-09-10,2.77,2.85,2.72,2.79,2.79,108700
2021-09-13,2.77,2.89,2.68,2.81,2.81,155400
2021-09-14,2.82,2.88,2.73,2.73,2.73,102700
2021-09-15,2.77,2.95,2.72,2.875,2.875,299900
2021-09-16,2.87,3.237,2.81,3.0,3.0,376200
2021-09-17,3.0,3.2,2.92,3.18,3.18,227200
2021-09-20,3.11,3.13,2.95,3.0,3.0,131000
2021-09-21,3.02,3.318,2.975,3.21,3.21,223500
2021-09-22,3.2,3.3,3.009,3.05,3.05,169900
2021-09-23,3.03,3.22,2.9,2.92,2.92,184300
2021-09-24,2.97,3.09,2.931,3.05,3.05,72600
2021-09-27,3.07,3.15,3.03,3.1,3.1,65600
2021-09-28,3.11,3.15,2.96,2.97,2.97,51500
2021-09-29,2.96,3.005,2.84,2.96,2.96,149000
2021-09-30,3.0,3.0,2.5,2.77,2.77,593300
2021-10-01,2.75,2.9,2.72,2.83,2.83,100700
2021-10-04,2.91,2.91,2.75,2.78,2.78,137800
2021-10-05,2.77,2.846,2.72,2.73,2.73,58600
2021-10-06,2.76,2.77,2.69,2.72,2.72,59700
2021-10-07,2.76,2.79,2.61,2.61,2.61,79000
2021-10-08,2.63,2.701,2.58,2.58,2.58,59300
2021-10-11,2.59,2.75,2.555,2.57,2.57,92900
2021-10-12,2.585,2.65,2.58,2.64,2.64,43700
2021-10-13,2.6,2.65,2.57,2.63,2.63,63000
2021-10-14,2.64,2.755,2.6,2.7,2.7,115200
2021-10-15,2.74,2.75,2.63,2.65,2.65,68500
2021-10-18,2.65,2.68,2.58,2.62,2.62,55000
2021-10-19,2.63,2.64,2.52,2.59,2.59,84700
2021-10-20,2.57,2.67,2.566,2.66,2.66,36000
2021-10-21,2.62,2.67,2.48,2.5,2.5,102100
2021-10-22,2.5,2.5,2.35,2.45,2.45,270200
2021-10-25,2.5,2.58,2.36,2.43,2.43,163400
2021-10-26,2.41,2.43,2.38,2.38,2.38,32200
2021-10-27,2.41,2.49,2.325,2.48,2.48,75900
2021-10-28,2.45,2.45,2.35,2.36,2.36,41300
2021-10-29,2.36,2.38,2.35,2.35,2.35,22000
2021-11-01,2.389,2.54,2.36,2.46,2.46,112900
2021-11-02,2.49,2.53,2.426,2.53,2.53,26800
2021-11-03,2.51,2.653,2.47,2.48,2.48,245800
2021-11-04,2.485,2.75,2.436,2.59,2.59,385200
2021-11-05,2.58,2.58,2.33,2.37,2.37,222600
2021-11-08,2.39,2.65,2.27,2.64,2.64,578800
2021-11-09,2.65,2.65,2.48,2.56,2.56,37900
2021-11-10,2.52,2.53,2.4,2.4,2.4,71200
2021-11-11,2.475,2.475,2.364,2.43,2.43,46100
2021-11-12,2.47,2.48,2.39,2.48,2.48,25000
2021-11-15,2.499,2.56,2.4,2.54,2.54,503300
2021-11-16,2.49,2.49,2.23,2.3,2.3,209600
2021-11-17,2.31,2.31,2.01,2.03,2.03,367000
2021-11-18,2.05,2.21,1.812,2.01,2.01,502200
2021-11-19,2.0,2.76,2.0,2.29,2.29,1433000
2021-11-22,2.62,2.82,2.11,2.3,2.3,17394500
2021-11-23,2.11,2.18,1.83,1.91,1.91,1382500
2021-11-24,1.8,2.08,1.75,1.95,1.95,646100
2021-11-26,1.8,1.96,1.79,1.95,1.95,225200
2021-11-29,1.92,1.97,1.85,1.92,1.92,148000
2021-11-30,1.94,1.94,1.72,1.79,1.79,289400
2021-12-01,1.74,1.8,1.71,1.73,1.73,200700
2021-12-02,1.72,1.74,1.58,1.69,1.69,251000
2021-12-03,1.7,1.72,1.58,1.66,1.66,123800
2021-12-06,1.64,1.68,1.51,1.54,1.54,193200
2021-12-07,1.51,1.792,1.51,1.71,1.71,513900
2021-12-08,1.7,1.77,1.57,1.77,1.77,158300
2021-12-09,1.72,1.76,1.62,1.63,1.63,40200
2021-12-10,1.65,1.77,1.62,1.65,1.65,63900
2021-12-13,1.68,1.79,1.61,1.68,1.68,80000
2021-12-14,1.63,1.76,1.58,1.59,1.59,82500
2021-12-15,1.62,1.67,1.5,1.56,1.56,43700
2021-12-16,1.5,1.55,1.42,1.42,1.42,165300
2021-12-17,1.47,1.55,1.37,1.48,1.48,127300
2021-12-20,1.47,1.473,1.37,1.395,1.395,104300
2021-12-21,1.435,1.55,1.41,1.54,1.54,105700
2021-12-22,1.5,1.65,1.5,1.57,1.57,156600
2021-12-23,1.61,1.66,1.53,1.59,1.59,256200
2021-12-27,1.6,1.67,1.25,1.37,1.37,311200
2021-12-28,1.36,1.37,1.3,1.3,1.3,106500
2021-12-29,1.27,1.3,1.16,1.26,1.26,169200
2021-12-30,1.25,1.37,1.25,1.32,1.32,152500
2021-12-31,1.3,1.47,1.26,1.33,1.33,598600
2022-01-03,1.33,1.73,1.33,1.44,1.44,787000
2022-01-04,1.43,1.585,1.27,1.56,1.56,385300
2022-01-05,1.61,1.65,1.41,1.42,1.42,165600
2022-01-06,1.41,1.47,1.35,1.39,1.39,132200
2022-01-07,1.36,1.427,1.26,1.33,1.33,78300
2022-01-10,1.31,1.47,1.273,1.36,1.36,455400
2022-01-11,1.355,1.409,1.323,1.38,1.38,97500
2022-01-12,1.34,1.42,1.34,1.38,1.38,83900
2022-01-13,1.35,1.47,1.35,1.41,1.41,68400
2022-01-14,1.373,1.43,1.372,1.39,1.39,23400
2022-01-18,1.34,1.55,1.3,1.35,1.35,652100
2022-01-19,1.37,1.41,1.21,1.28,1.28,160500
2022-01-20,1.26,1.31,1.23,1.23,1.23,112700
2022-01-21,1.24,1.27,1.13,1.17,1.17,149800
2022-01-24,1.17,1.25,1.05,1.135,1.135,112400
2022-01-25,1.14,1.25,1.13,1.18,1.18,68500
2022-01-26,1.17,1.23,1.1,1.1,1.1,38100
2022-01-27,1.22,1.22,1.04,1.09,1.09,53700
2022-01-28,1.06,1.2,1.02,1.1,1.1,332300
2022-01-31,1.18,1.18,1.03,1.1,1.1,116300
2022-02-01,1.11,1.19,1.08,1.185,1.185,46500
2022-02-02,1.16,1.186,1.1,1.115,1.115,70700
2022-02-03,1.06,1.12,1.02,1.08,1.08,23800
2022-02-04,1.105,1.13,1.04,1.071,1.071,24800
2022-02-07,1.11,1.16,1.06,1.13,1.13,227300
2022-02-08,1.09,1.14,1.09,1.11,1.11,20700
2022-02-09,1.1,1.19,1.1,1.16,1.16,69700
2022-02-10,1.12,1.19,1.11,1.151,1.151,18500
2022-02-11,1.143,1.17,1.11,1.125,1.125,30800
2022-02-14,1.09,1.13,1.09,1.105,1.105,9800
2022-02-15,1.11,1.18,1.11,1.14,1.14,7900
2022-02-16,1.136,1.16,1.12,1.13,1.13,5600
2022-02-17,1.123,1.146,1.08,1.12,1.12,17000
2022-02-18,1.1,1.135,1.06,1.06,1.06,22100
2022-02-22,1.05,1.09,1.01,1.01,1.01,53100
2022-02-23,1.05,1.05,1.01,1.01,1.01,3600
2022-02-24,0.988,0.988,0.886,0.947,0.947,55700
2022-02-25,0.97,1.02,0.95,0.98,0.98,11700
2022-02-28,1.0,1.1,0.98,1.01,1.01,6600
2022-03-01,1.037,1.088,1.01,1.01,1.01,7900
2022-03-02,1.11,1.11,1.04,1.047,1.047,6900
2022-03-03,1.05,1.05,0.99,0.99,0.99,7600
2022-03-04,1.07,1.07,0.972,1.01,1.01,12700
2022-03-07,1.0,1.0,0.95,0.96,0.96,19200
2022-03-08,0.941,0.96,0.82,0.946,0.946,55600
2022-03-09,0.932,0.948,0.858,0.914,0.914,26200
2022-03-10,0.894,0.91,0.86,0.883,0.883,12200
2022-03-11,0.9,1.0,0.88,1.0,1.0,31400
2022-03-14,1.0,1.07,0.96,0.96,0.96,54200
2022-03-15,0.91,1.11,0.91,1.11,1.11,46400
2022-03-16,1.16,1.29,1.08,1.27,1.27,261200
2022-03-17,1.243,1.243,1.03,1.09,1.09,106600
2022-03-18,1.05,1.115,1.05,1.11,1.11,16400
2022-03-21,1.12,1.74,1.08,1.55,1.55,2876500
2022-03-22,1.42,1.47,1.26,1.31,1.31,179000
2022-03-23,1.27,1.33,1.2,1.25,1.25,45200
2022-03-24,1.275,1.33,1.222,1.253,1.253,61400
2022-03-25,1.23,1.39,1.23,1.28,1.28,62400
2022-03-28,1.29,1.45,1.245,1.25,1.25,22000
2022-03-29,1.25,1.49,1.25,1.316,1.316,485500
2022-03-30,1.28,1.36,1.23,1.24,1.24,61200
2022-03-31,1.27,1.27,1.2,1.24,1.24,15100
2022-04-01,1.19,1.23,1.18,1.185,1.185,19200
2022-04-04,1.22,1.22,1.18,1.188,1.188,3100
2022-04-05,1.16,1.252,1.13,1.14,1.14,23700
2022-04-06,1.12,1.162,1.1,1.12,1.12,8200
2022-04-07,1.18,1.18,1.11,1.15,1.15,4000
2022-04-08,1.11,1.18,1.11,1.17,1.17,32400
2022-04-11,1.15,1.3,1.15,1.27,1.27,55700
2022-04-12,1.25,1.32,1.16,1.236,1.236,38100
2022-04-13,1.23,1.29,1.15,1.22,1.22,30200
2022-04-14,1.14,1.28,1.14,1.2,1.2,27000
2022-04-18,1.19,1.268,1.157,1.23,1.23,3800
2022-04-19,1.21,1.28,1.18,1.28,1.28,15500
2022-04-20,1.27,1.33,1.225,1.31,1.31,9400
2022-04-21,1.38,1.38,1.25,1.25,1.25,17300
2022-04-22,1.306,1.306,1.21,1.25,1.25,8100
2022-04-25,1.18,1.329,1.15,1.265,1.265,19000
2022-04-26,1.19,1.31,1.12,1.21,1.21,13800
2022-04-27,1.22,1.22,1.03,1.06,1.06,45900
2022-04-28,1.04,1.045,0.886,0.992,0.992,69500
2022-04-29,0.963,0.988,0.935,0.939,0.939,15200
2022-05-02,1.035,1.06,0.935,0.937,0.937,5800
2022-05-03,1.01,1.01,0.939,0.946,0.946,3300
2022-05-04,0.939,0.946,0.939,0.946,0.946,17500
2022-05-05,0.941,0.968,0.88,0.882,0.882,18600
2022-05-06,0.976,0.976,0.84,0.84,0.84,19600
2022-05-09,0.83,0.932,0.76,0.78,0.78,22500
2022-05-10,0.842,0.87,0.77,0.782,0.782,22900
2022-05-11,0.77,0.839,0.71,0.74,0.74,53900
2022-05-12,0.719,0.76,0.705,0.725,0.725,10400
2022-05-13,0.75,0.805,0.733,0.783,0.783,23600
2022-05-16,0.81,0.81,0.77,0.77,0.77,1400
2022-05-17,0.796,0.928,0.796,0.869,0.869,88100
2022-05-18,0.85,0.884,0.74,0.796,0.796,11900
2022-05-19,0.8,0.84,0.735,0.838,0.838,28300
2022-05-20,0.85,0.897,0.747,0.854,0.854,18100
2022-05-23,0.78,0.863,0.75,0.86,0.86,19600
2022-05-24,0.86,0.86,0.82,0.855,0.855,3600
2022-05-25,0.82,0.85,0.82,0.822,0.822,2400
2022-05-26,0.9,0.9,0.72,0.869,0.869,82400
2022-05-27,0.825,0.888,0.765,0.878,0.878,4800
2022-05-31,0.957,0.957,0.78,0.9,0.9,15200
2022-06-01,0.876,0.95,0.808,0.933,0.933,24800
2022-06-02,0.93,0.94,0.91,0.91,0.91,6300
2022-06-03,0.95,0.95,0.86,0.912,0.912,12400
2022-06-06,0.93,1.04,0.905,1.0,1.0,23800
2022-06-07,0.995,1.07,0.995,1.02,1.02,5300
2022-06-08,1.11,1.11,1.03,1.09,1.09,16400
2022-06-09,1.035,1.1,1.03,1.03,1.03,8400
2022-06-10,1.07,1.079,0.955,1.055,1.055,15800
2022-06-13,1.06,1.16,0.99,0.99,0.99,7900
2022-06-14,0.99,0.99,0.78,0.87,0.87,45000
2022-06-15,0.878,1.09,0.878,1.03,1.03,44100
2022-06-16,0.901,1.02,0.901,0.97,0.97,17200
2022-06-17,1.0,1.09,0.901,0.93,0.93,18600
2022-06-21,0.93,0.978,0.93,0.978,0.978,2800
2022-06-22,0.98,1.0,0.98,0.99,0.99,2800
2022-06-23,0.921,1.0,0.81,1.0,1.0,6200
2022-06-24,1.055,1.288,0.864,0.99,0.99,43100
2022-06-27,0.957,1.09,0.9,1.059,1.059,63900
2022-06-28,1.084,1.1,0.94,1.09,1.09,26900
2022-06-29,1.05,1.09,0.95,1.09,1.09,3800
2022-06-30,1.03,1.07,0.94,0.948,0.948,17600
2022-07-01,1.01,1.01,0.9,0.959,0.959,37900
2022-07-05,0.91,0.95,0.888,0.948,0.948,29000
2022-07-06,0.89,0.95,0.89,0.9,0.9,11000
2022-07-07,0.93,0.95,0.89,0.89,0.89,21800
2022-07-08,0.9,0.94,0.877,0.902,0.902,26400
2022-07-11,0.9,0.95,0.723,0.84,0.84,30400
2022-07-12,0.875,0.885,0.81,0.81,0.81,13700
2022-07-13,0.81,0.81,0.8,0.8,0.8,400
2022-07-14,0.81,0.819,0.723,0.75,0.75,16300
2022-07-15,0.8,0.839,0.735,0.8,0.8,44700
2022-07-18,0.76,0.799,0.76,0.798,0.798,2500
2022-07-19,0.838,0.838,0.739,0.8,0.8,11800
2022-07-20,0.81,0.81,0.75,0.765,0.765,92600
2022-07-21,0.772,0.772,0.746,0.755,0.755,33500
2022-07-22,0.755,0.755,0.73,0.733,0.733,43100
2022-07-25,0.75,0.77,0.624,0.69,0.69,199300
2022-07-26,0.64,0.701,0.64,0.688,0.688,24500
2022-07-27,0.714,0.714,0.634,0.67,0.67,23300
2022-07-28,0.675,0.675,0.65,0.65,0.65,14400
2022-07-29,0.67,0.721,0.645,0.71,0.71,35900
2022-08-01,0.73,0.73,0.673,0.7,0.7,20600
2022-08-02,0.7,0.74,0.673,0.695,0.695,36500
2022-08-03,0.673,0.769,0.673,0.689,0.689,19700
2022-08-04,0.704,0.717,0.634,0.717,0.717,50200
2022-08-05,0.696,0.783,0.69,0.75,0.75,85500
2022-08-08,0.79,0.82,0.75,0.795,0.795,37100
2022-08-09,0.83,0.861,0.736,0.736,0.736,30900
2022-08-10,0.73,0.746,0.727,0.727,0.727,2400
2022-08-11,0.78,0.8,0.722,0.8,0.8,11100
2022-08-12,0.73,0.81,0.705,0.79,0.79,10600
2022-08-15,0.74,0.826,0.74,0.825,0.825,24200
2022-08-16,0.825,0.9,0.788,0.826,0.826,11700
2022-08-17,0.815,0.87,0.815,0.833,0.833,6100
2022-08-18,0.824,0.86,0.815,0.828,0.828,4500
2022-08-19,0.828,0.828,0.8,0.8,0.8,11800
2022-08-22,0.8,0.856,0.789,0.82,0.82,1800
2022-08-23,0.79,0.79,0.749,0.757,0.757,8900
2022-08-24,0.746,0.746,0.746,0.746,0.746,1200
2022-08-25,0.75,0.75,0.733,0.74,0.74,11500
2022-08-26,0.735,0.735,0.69,0.72,0.72,8100
2022-08-29,0.72,0.72,0.678,0.72,0.72,10200
2022-08-30,0.66,0.72,0.66,0.68,0.68,6200
2022-08-31,0.691,0.72,0.665,0.665,0.665,7800
2022-09-01,0.718,0.79,0.718,0.725,0.725,2000
2022-09-02,0.725,0.725,0.725,0.725,0.725,300
2022-09-06,0.8,0.8,0.72,0.8,0.8,10600
2022-09-07,0.8,0.8,0.712,0.75,0.75,3900
2022-09-08,0.75,0.761,0.7,0.74,0.74,4400
2022-09-09,0.662,0.81,0.662,0.743,0.743,1500
2022-09-12,0.788,0.798,0.725,0.79,0.79,3800
2022-09-13,0.678,0.7,0.678,0.7,0.7,800
2022-09-14,0.71,0.741,0.662,0.741,0.741,16700
2022-09-15,0.68,0.73,0.68,0.73,0.73,1300
2022-09-16,0.67,0.74,0.65,0.67,0.67,2400
2022-09-19,0.68,0.69,0.65,0.657,0.657,12100
2022-09-20,0.657,0.78,0.657,0.713,0.713,1800
2022-09-21,0.725,0.778,0.68,0.778,0.778,5600
2022-09-22,0.77,0.78,0.674,0.674,0.674,2100
2022-09-23,0.708,0.708,0.625,0.625,0.625,10800
2022-09-26,0.635,0.675,0.625,0.663,0.663,3200
2022-09-27,0.708,0.708,0.63,0.662,0.662,1800
2022-09-28,0.687,0.69,0.675,0.69,0.69,1300
2022-09-29,0.66,0.708,0.6,0.629,0.629,15400
2022-09-30,0.63,0.69,0.6,0.69,0.69,10800
2022-10-03,0.65,0.65,0.6,0.65,0.65,4200
2022-10-04,0.697,0.697,0.6,0.639,0.639,10100
2022-10-05,0.697,0.697,0.61,0.612,0.612,15500
2022-10-06,0.6,0.63,0.6,0.62,0.62,2500
2022-10-07,0.697,0.697,0.6,0.65,0.65,3500
2022-10-10,0.68,0.68,0.65,0.68,0.68,2100
2022-10-11,0.63,0.645,0.63,0.63,0.63,800
2022-10-12,0.65,0.65,0.606,0.606,0.606,2300
2022-10-13,0.605,0.635,0.605,0.635,0.635,2800
2022-10-14,0.64,0.653,0.63,0.653,0.653,2500
2022-10-17,0.63,0.63,0.605,0.61,0.61,4800
2022-10-18,0.61,0.679,0.6,0.679,0.679,39400
2022-10-19,0.638,0.69,0.63,0.63,0.63,21000
2022-10-20,0.613,0.667,0.613,0.613,0.613,3500
2022-10-21,0.61,0.63,0.59,0.59,0.59,37700
2022-10-24,0.59,0.63,0.551,0.6,0.6,41100
2022-10-25,0.61,0.65,0.554,0.6,0.6,27900
2022-10-26,0.551,0.615,0.55,0.58,0.58,11900
2022-10-27,0.58,0.615,0.58,0.585,0.585,3400
2022-10-28,0.58,0.58,0.55,0.56,0.56,5100
2022-10-31,0.561,0.6,0.55,0.6,0.6,6500
2022-11-01,0.599,0.6,0.585,0.6,0.6,500
2022-11-02,0.558,0.647,0.558,0.603,0.603,1500
2022-11-03,0.6,0.6,0.53,0.557,0.557,21000
2022-11-04,0.55,0.55,0.51,0.512,0.512,4800
2022-11-07,0.55,0.55,0.51,0.51,0.51,5400
2022-11-08,0.51,0.55,0.451,0.502,0.502,17100
2022-11-09,0.51,0.52,0.488,0.52,0.52,7700
2022-11-10,0.484,0.52,0.484,0.52,0.52,2000
2022-11-11,0.52,0.568,0.44,0.55,0.55,43400
2022-11-14,0.55,0.57,0.55,0.57,0.57,1500
2022-11-15,0.59,0.634,0.55,0.55,0.55,9400
2022-11-16,0.55,0.62,0.545,0.545,0.545,10500
2022-11-17,0.51,0.51,0.5,0.5,0.5,700
2022-11-18,0.5,0.525,0.5,0.525,0.525,600
2022-11-21,0.53,0.53,0.502,0.508,0.508,1700
2022-11-22,0.491,0.569,0.491,0.569,0.569,1000
2022-11-23,0.579,0.579,0.5,0.5,0.5,1800
2022-11-25,0.5,0.5,0.5,0.5,0.5,0
2022-11-28,0.5,0.5,0.475,0.48,0.48,6200
2022-11-29,0.48,0.48,0.42,0.43,0.43,16500
2022-11-30,0.43,0.46,0.411,0.445,0.445,9900
2022-12-01,0.43,0.45,0.43,0.44,0.44,1900
2022-12-02,0.44,0.462,0.415,0.44,0.44,4600
2022-12-05,0.4,0.44,0.4,0.4,0.4,79400
2022-12-06,0.402,0.42,0.38,0.381,0.381,18000
2022-12-07,0.385,0.454,0.34,0.406,0.406,93900
2022-12-08,0.415,0.46,0.351,0.386,0.386,20900
2022-12-09,0.46,0.618,0.36,0.53,0.53,214700
2022-12-12,0.58,0.647,0.55,0.565,0.565,34600
2022-12-13,0.59,0.637,0.55,0.6,0.6,12300
2022-12-14,0.639,0.647,0.51,0.578,0.578,9300
2022-12-15,0.536,0.58,0.434,0.446,0.446,18900
2022-12-16,0.5,0.5,0.483,0.483,0.483,19500
2022-12-19,0.41,0.57,0.41,0.43,0.43,5200
2022-12-20,0.4,0.45,0.4,0.449,0.449,6000
2022-12-21,0.4,0.448,0.39,0.4,0.4,12500
2022-12-22,0.4,0.41,0.4,0.405,0.405,8300
2022-12-23,0.4,0.41,0.361,0.361,0.361,4100
2022-12-27,0.344,0.41,0.344,0.361,0.361,4600
2022-12-28,0.567,0.567,0.361,0.397,0.397,9700
2022-12-29,0.397,0.48,0.397,0.48,0.48,22400
2022-12-30,0.474,0.474,0.397,0.413,0.413,9300
2023-01-03,0.476,0.476,0.41,0.41,0.41,5700
2023-01-04,0.41,0.442,0.41,0.433,0.433,3100
2023-01-05,0.433,0.462,0.433,0.462,0.462,5700
2023-01-06,0.435,0.49,0.435,0.449,0.449,5200
2023-01-09,0.46,0.5,0.426,0.464,0.464,19700
2023-01-10,0.478,0.58,0.478,0.54,0.54,2100
2023-01-11,0.58,0.58,0.5,0.533,0.533,9100
2023-01-12,0.545,0.545,0.5,0.525,0.525,13000
2023-01-13,0.503,0.503,0.5,0.5,0.5,2100
2023-01-17,0.49,0.58,0.49,0.58,0.58,1000
2023-01-18,0.58,0.58,0.5,0.525,0.525,5900
2023-01-19,0.53,0.53,0.53,0.53,0.53,2400
2023-01-20,0.509,0.509,0.5,0.5,0.5,1500
2023-01-23,0.51,0.511,0.48,0.49,0.49,8600
2023-01-24,0.487,0.53,0.45,0.45,0.45,5700
2023-01-25,0.46,0.55,0.46,0.495,0.495,8400
2023-01-26,0.499,0.499,0.499,0.499,0.499,800
2023-01-27,0.5,0.508,0.475,0.505,0.505,9700
2023-01-30,0.475,0.5,0.475,0.5,0.5,3700
2023-01-31,0.5,0.5,0.5,0.5,0.5,0
2023-02-01,0.495,0.495,0.495,0.495,0.495,2100
2023-02-02,0.53,0.53,0.471,0.471,0.471,5700
2023-02-03,0.5,0.53,0.495,0.495,0.495,10200
2023-02-06,0.499,0.505,0.48,0.505,0.505,4100
2023-02-07,0.53,0.535,0.463,0.5,0.5,1455200
2023-02-08,0.72,0.82,0.604,0.724,0.724,13764700
2023-02-09,0.64,0.765,0.6,0.755,0.755,871000
2023-02-10,0.631,0.71,0.5,0.652,0.652,346100
2023-02-13,0.65,0.69,0.58,0.6,0.6,48900
2023-02-14,0.594,0.632,0.574,0.584,0.584,22900
2023-02-15,0.606,0.607,0.56,0.593,0.593,34000
2023-02-16,0.597,0.61,0.57,0.61,0.61,62400
2023-02-17,0.56,0.651,0.56,0.651,0.651,81700
2023-02-21,0.651,0.655,0.6,0.622,0.622,33400
2023-02-22,0.62,0.662,0.61,0.62,0.62,24400
2023-02-23,0.62,0.62,0.57,0.578,0.578,16100
2023-02-24,0.588,0.7,0.588,0.627,0.627,35100
2023-02-27,0.56,0.627,0.56,0.627,0.627,17300
2023-02-28,0.6,0.625,0.559,0.625,0.625,27500
2023-03-01,0.55,0.66,0.543,0.604,0.604,39100
2023-03-02,0.545,0.61,0.545,0.556,0.556,16300
2023-03-03,0.6,0.6,0.56,0.584,0.584,9300
2023-03-06,0.584,0.62,0.55,0.55,0.55,10600
2023-03-07,0.55,0.57,0.55,0.556,0.556,3900
2023-03-08,0.55,0.62,0.55,0.563,0.563,18400
2023-03-09,0.56,0.58,0.56,0.57,0.57,49700
2023-03-10,0.581,0.62,0.551,0.585,0.585,25800
2023-03-13,0.585,0.585,0.443,0.516,0.516,29600
2023-03-14,0.52,0.655,0.43,0.619,0.619,114800
2023-03-15,0.6,0.6,0.505,0.505,0.505,39700
2023-03-16,0.542,0.542,0.476,0.5,0.5,36200
2023-03-17,0.505,0.538,0.5,0.526,0.526,34800
2023-03-20,0.5,0.59,0.46,0.553,0.553,88500
2023-03-21,0.55,0.578,0.55,0.553,0.553,10800
2023-03-22,0.521,0.551,0.521,0.535,0.535,8400
2023-03-23,0.522,0.575,0.522,0.55,0.55,5100
2023-03-24,0.58,0.748,0.522,0.67,0.67,152600
2023-03-27,0.64,0.684,0.61,0.683,0.683,49300
2023-03-28,0.72,0.72,0.56,0.61,0.61,43500
2023-03-29,0.576,0.68,0.525,0.59,0.59,41100
2023-03-30,0.525,0.662,0.525,0.638,0.638,21200
2023-03-31,0.66,0.7,0.66,0.69,0.69,37300
2023-04-03,0.76,0.76,0.549,0.587,0.587,33200
2023-04-04,0.579,0.64,0.541,0.566,0.566,7800
2023-04-05,0.643,0.643,0.58,0.627,0.627,1000
2023-04-06,0.67,0.67,0.6,0.63,0.63,14400
2023-04-10,0.62,0.65,0.61,0.637,0.637,19900
2023-04-11,0.612,0.64,0.612,0.62,0.62,4500
2023-04-12,0.62,0.68,0.62,0.65,0.65,14900
2023-04-13,0.65,0.68,0.64,0.64,0.64,2800
2023-04-14,0.645,0.665,0.59,0.604,0.604,21800
2023-04-17,0.59,0.635,0.59,0.63,0.63,2300
2023-04-18,0.63,0.65,0.62,0.64,0.64,7700
2023-04-19,0.683,0.683,0.65,0.67,0.67,11700
2023-04-20,0.65,0.65,0.548,0.57,0.57,8100
2023-04-21,0.64,0.64,0.55,0.61,0.61,9100
2023-04-24,0.61,0.61,0.55,0.6,0.6,7100
2023-04-25,0.56,0.59,0.55,0.55,0.55,4100
2023-04-26,0.56,0.58,0.55,0.565,0.565,5700
2023-04-27,0.55,0.565,0.55,0.565,0.565,6800
2023-04-28,0.55,0.565,0.55,0.565,0.565,17100
2023-05-01,0.662,0.72,0.553,0.661,0.661,940200
2023-05-02,0.651,0.695,0.56,0.62,0.62,77800
2023-05-03,0.609,0.68,0.58,0.662,0.662,24800
2023-05-04,0.649,0.68,0.58,0.631,0.631,25700
2023-05-05,0.6,0.71,0.59,0.69,0.69,52900
2023-05-08,0.69,0.69,0.621,0.66,0.66,10400
2023-05-09,0.66,0.69,0.64,0.64,0.64,44000
2023-05-10,0.64,0.66,0.6,0.627,0.627,78300
2023-05-11,0.605,0.69,0.605,0.607,0.607,41400
2023-05-12,0.644,0.646,0.606,0.61,0.61,33800
2023-05-15,0.605,0.61,0.603,0.603,0.603,42900
2023-05-16,0.606,0.629,0.6,0.625,0.625,27100
2023-05-17,0.62,0.62,0.572,0.62,0.62,11900
2023-05-18,0.692,0.738,0.591,0.61,0.61,347700
2023-05-19,0.58,0.63,0.57,0.617,0.617,65800
2023-05-22,0.61,0.63,0.586,0.625,0.625,33400
2023-05-23,0.573,0.63,0.573,0.605,0.605,2300
2023-05-24,0.61,0.62,0.575,0.587,0.587,54700
2023-05-25,0.587,0.587,0.46,0.544,0.544,103200
2023-05-26,0.544,0.544,0.46,0.47,0.47,4100
2023-05-30,0.487,0.504,0.46,0.5,0.5,14200
2023-05-31,0.49,0.498,0.46,0.46,0.46,17200
2023-06-01,0.502,0.504,0.502,0.504,0.504,51900
2023-06-02,0.504,0.528,0.46,0.47,0.47,28400
2023-06-05,0.51,0.51,0.491,0.5,0.5,13300
2023-06-06,0.474,0.502,0.47,0.48,0.48,6300
2023-06-07,0.48,0.5,0.48,0.48,0.48,54000
2023-06-08,0.46,0.48,0.44,0.46,0.46,70900
2023-06-09,0.46,0.52,0.46,0.504,0.504,12000
2023-06-12,0.504,0.511,0.502,0.502,0.502,4900
2023-06-13,0.501,0.52,0.5,0.52,0.52,6000
2023-06-14,0.526,0.526,0.482,0.506,0.506,7900
2023-06-15,0.522,0.526,0.5,0.5,0.5,8900
2023-06-16,0.525,0.525,0.485,0.485,0.485,9800
2023-06-20,0.49,0.51,0.475,0.475,0.475,146100
2023-06-21,0.475,0.495,0.45,0.46,0.46,19200
2023-06-22,0.46,0.484,0.46,0.46,0.46,53800
2023-06-23,0.46,0.49,0.451,0.49,0.49,19900
2023-06-26,0.51,0.51,0.47,0.508,0.508,22800
2023-06-27,0.5,0.5,0.484,0.49,0.49,14200
2023-06-28,0.497,0.507,0.45,0.45,0.45,31000
2023-06-29,0.45,0.472,0.43,0.43,0.43,31600
2023-06-30,0.417,0.68,0.417,0.549,0.549,3602300
2023-07-03,6.8,7.22,5.64,6.44,6.44,2354300
2023-07-05,6.21,6.3,5.62,5.67,5.67,118500
2023-07-06,5.64,6.08,5.4,5.55,5.55,121300
2023-07-07,5.16,5.16,4.33,4.47,4.47,97700
2023-07-10,4.3,4.879,3.55,4.05,4.05,253100
2023-07-11,4.14,26.41,3.94,16.5,16.5,10973900
2023-07-12,10.01,11.6,7.69,7.99,7.99,2425200
2023-07-13,7.62,7.79,5.71,5.75,5.75,668400
2023-07-14,8.02,16.809999,7.802,8.1,8.1,33733200
2023-07-17,10.16,11.55,8.5,8.99,8.99,3802500
2023-07-18,8.68,9.25,7.61,7.73,7.73,1280300
2023-07-19,7.81,7.99,6.91,7.11,7.11,603300
2023-07-20,9.01,11.37,8.65,9.72,9.72,21469500
2023-07-21,9.04,9.56,7.57,8.31,8.31,1213100
2023-07-24,7.93,8.3,7.7,7.99,7.99,289600
2023-07-25,7.83,7.94,7.3,7.45,7.45,155000
2023-07-26,7.43,7.63,7.0,7.1,7.1,129000
2023-07-27,7.33,7.44,6.61,6.66,6.66,177300
2023-07-28,6.61,6.97,6.43,6.84,6.84,147000
2023-07-31,6.57,8.59,6.57,7.03,7.03,924700
2023-08-01,7.61,7.8,6.8,7.12,7.12,204800
2023-08-02,6.86,7.1,6.45,6.57,6.57,114800
2023-08-03,6.57,6.9,6.4,6.6,6.6,112200
2023-08-04,6.43,7.1,6.39,6.61,6.61,220200
2023-08-07,6.48,7.1,6.42,6.86,6.86,114600
2023-08-08,6.55,7.39,6.55,7.15,7.15,174500
2023-08-09,6.91,7.55,6.91,7.15,7.15,106800
2023-08-10,7.01,7.26,6.69,6.8,6.8,119400
2023-08-11,6.58,6.87,6.51,6.77,6.77,98800
2023-08-14,6.63,6.75,6.15,6.37,6.37,32100
2023-08-15,6.22,6.446,5.83,5.83,5.83,59300
2023-08-16,5.8,5.825,5.36,5.49,5.49,69900
2023-08-17,5.38,5.458,5.25,5.32,5.32,24700
2023-08-18,5.21,5.336,4.82,4.87,4.87,46700
2023-08-21,4.78,4.85,4.6,4.66,4.66,45400
2023-08-22,4.58,4.68,4.341,4.58,4.58,35300
2023-08-23,4.42,4.98,4.42,4.79,4.79,90700
2023-08-24,4.71,4.81,4.17,4.28,4.28,56000
2023-08-25,4.322,4.5,4.27,4.34,4.34,102700
2023-08-28,4.3,4.575,4.25,4.33,4.33,53500
2023-08-29,4.26,4.58,4.22,4.57,4.57,66300
2023-08-30,4.48,4.84,4.42,4.56,4.56,36000
2023-08-31,4.47,5.15,4.44,4.77,4.77,82200
2023-09-01,4.69,4.8,4.25,4.5,4.5,55900
2023-09-05,4.35,4.37,4.104,4.16,4.16,27800
2023-09-06,4.08,4.18,4.07,4.08,4.08,9200
2023-09-07,4.17,4.49,4.08,4.34,4.34,77500
2023-09-08,4.15,4.3,4.15,4.28,4.28,6800
2023-09-11,4.4,4.48,4.217,4.41,4.41,24700
2023-09-12,4.4,4.6,4.21,4.48,4.48,35100
2023-09-13,4.22,4.432,4.07,4.11,4.11,16400
2023-09-14,4.12,4.18,3.98,3.98,3.98,16500
2023-09-15,4.1,4.1,3.89,3.89,3.89,16800
2023-09-18,3.82,3.98,3.82,3.98,3.98,8100
2023-09-19,3.951,3.951,3.75,3.83,3.83,9100
2023-09-20,3.83,3.89,3.776,3.82,3.82,11300
2023-09-21,3.7,3.86,3.7,3.82,3.82,19600
2023-09-22,3.78,3.78,3.55,3.55,3.55,14100
2023-09-25,3.59,3.69,3.52,3.55,3.55,5000
2023-09-26,3.6,3.74,3.55,3.63,3.63,12900
2023-09-27,3.65,3.876,3.442,3.47,3.47,18400
2023-09-28,3.42,3.44,3.36,3.385,3.385,9900
2023-09-29,3.29,3.516,3.17,3.48,3.48,16200
2023-10-02,3.29,3.5,3.202,3.33,3.33,19300
2023-10-03,3.23,3.28,3.1,3.1,3.1,17300
2023-10-04,3.1,3.17,3.031,3.144,3.144,12300
2023-10-05,3.13,3.224,3.05,3.16,3.16,8900
2023-10-06,3.11,3.19,3.11,3.12,3.12,4000
2023-10-09,3.1,3.1,2.96,2.96,2.96,8400
2023-10-10,2.976,3.07,2.952,2.99,2.99,21700
2023-10-11,3.01,3.11,2.76,2.82,2.82,10600
2023-10-12,2.91,2.98,2.7,2.73,2.73,11600
2023-10-13,2.76,2.76,2.52,2.52,2.52,15300
2023-10-16,2.4,2.742,2.29,2.68,2.68,26900
2023-10-17,2.55,2.84,2.53,2.75,2.75,4900
2023-10-18,2.68,2.705,2.56,2.65,2.65,7400
2023-10-19,2.65,2.65,2.51,2.53,2.53,5500
2023-10-20,2.53,2.53,2.38,2.39,2.39,6300
2023-10-23,2.45,2.45,2.278,2.31,2.31,5500
2023-10-24,2.36,2.42,2.32,2.385,2.385,5600
2023-10-25,2.424,2.45,2.26,2.397,2.397,6400
2023-10-26,2.46,2.46,2.29,2.44,2.44,6300
2023-10-27,2.34,2.414,2.21,2.27,2.27,11900
2023-10-30,2.18,2.33,2.15,2.27,2.27,11100
2023-10-31,2.2,2.32,2.115,2.17,2.17,8200
2023-11-01,2.24,2.322,2.16,2.25,2.25,7100
2023-11-02,2.225,2.28,2.13,2.22,2.22,17100
2023-11-03,2.21,2.41,2.21,2.37,2.37,6600
2023-11-06,2.45,3.0,2.45,2.58,2.58,20700
2023-11-07,2.67,2.69,2.3,2.3,2.3,19900
2023-11-08,2.4,2.4,2.3,2.3,2.3,5100
2023-11-09,2.3,2.34,2.09,2.09,2.09,11200
2023-11-10,2.1,2.199,2.0,2.0,2.0,4500
2023-11-13,2.09,2.09,1.822,1.85,1.85,9100
2023-11-14,2.02,2.436,1.97,2.25,2.25,42600
2023-11-15,2.21,2.293,2.13,2.13,2.13,10900
2023-11-16,2.19,2.26,2.0,2.03,2.03,12700
2023-11-17,2.21,2.21,2.04,2.13,2.13,3900
2023-11-20,2.26,2.26,2.01,2.01,2.01,7500
2023-11-21,2.1,2.11,2.03,2.06,2.06,7500
2023-11-22,2.06,2.21,1.868,2.15,2.15,13200
2023-11-24,2.12,2.22,2.12,2.22,2.22,5100
2023-11-27,2.11,2.68,2.11,2.33,2.33,170900
2023-11-28,2.27,2.443,2.18,2.23,2.23,23100
2023-11-29,2.329,2.75,2.27,2.39,2.39,62100
2023-11-30,2.5,2.88,2.42,2.5,2.5,64000
2023-12-01,2.55,2.67,2.52,2.532,2.532,29900
2023-12-04,2.539,2.8,2.539,2.728,2.728,35000
2023-12-05,2.75,2.81,2.5,2.53,2.53,27900
2023-12-06,2.595,2.78,2.51,2.73,2.73,51300
2023-12-07,2.85,2.877,2.56,2.7,2.7,26100
2023-12-08,2.7,2.7,2.612,2.62,2.62,6600
2023-12-11,2.62,2.71,2.43,2.63,2.63,22100
2023-12-12,2.5,2.585,2.39,2.478,2.478,10100
2023-12-13,2.473,2.52,2.473,2.48,2.48,4100
2023-12-14,2.544,2.682,2.54,2.57,2.57,22500
2023-12-15,2.61,2.63,2.56,2.6,2.6,5100
2023-12-18,2.57,2.69,2.57,2.62,2.62,2000
2023-12-19,2.58,2.69,2.55,2.6,2.6,17300
2023-12-20,2.594,2.594,2.418,2.483,2.483,14700
2023-12-21,2.42,2.55,2.38,2.53,2.53,16100
2023-12-22,2.49,3.13,2.45,2.94,2.94,99800
2023-12-26,3.02,3.03,2.828,2.915,2.915,24700
2023-12-27,2.96,3.2,2.92,3.035,3.035,41900
2023-12-28,3.25,3.36,2.95,3.11,3.11,44500
2023-12-29,3.22,3.22,2.75,2.75,2.75,56600
2024-01-02,2.7,2.7,2.44,2.58,2.58,161400
2024-01-03,2.77,2.78,2.35,2.58,2.58,123400
2024-01-04,2.58,2.61,2.37,2.395,2.395,31500
2024-01-05,2.59,2.62,2.42,2.48,2.48,43000
2024-01-08,2.48,2.6,2.458,2.6,2.6,9700
2024-01-09,2.64,2.98,2.64,2.858,2.858,56800
2024-01-10,2.81,2.877,2.4,2.41,2.41,12800
2024-01-11,2.83,2.83,2.5,2.532,2.532,21600
2024-01-12,2.65,2.66,2.41,2.45,2.45,3400
2024-01-16,2.5,2.6,2.35,2.36,2.36,13100
2024-01-17,2.35,2.58,2.15,2.243,2.243,17400
2024-01-18,2.36,2.36,2.11,2.11,2.11,14400
2024-01-19,2.47,2.47,2.16,2.246,2.246,15100
2024-01-22,2.254,2.26,2.055,2.08,2.08,20400
2024-01-23,2.18,2.18,2.02,2.101,2.101,9600
2024-01-24,2.05,2.065,2.01,2.06,2.06,8800
2024-01-25,2.035,2.077,1.97,1.97,1.97,11100
2024-01-26,2.039,2.04,1.97,2.03,2.03,2800
2024-01-29,2.14,2.14,1.94,2.06,2.06,9400
2024-01-30,2.01,2.04,1.922,2.0,2.0,11700
2024-01-31,2.0,2.077,2.0,2.0,2.0,3900
2024-02-01,2.01,2.035,1.9,1.999,1.999,8000
2024-02-02,1.96,1.98,1.87,1.92,1.92,6800
2024-02-05,1.89,1.99,1.85,1.967,1.967,16600
2024-02-06,2.02,2.15,2.0,2.15,2.15,13300
2024-02-07,2.2,2.279,2.0,2.03,2.03,15000
2024-02-08,2.17,2.17,2.0,2.11,2.11,7900
2024-02-09,2.025,2.17,2.02,2.115,2.115,8200
2024-02-12,2.12,2.241,2.11,2.16,2.16,12100
2024-02-13,2.12,2.24,2.11,2.11,2.11,17300
2024-02-14,2.1,2.18,2.09,2.11,2.11,7500
2024-02-15,2.19,2.28,2.11,2.13,2.13,13100
2024-02-16,2.243,2.25,2.13,2.15,2.15,18100
2024-02-20,2.21,2.248,2.12,2.13,2.13,15600
2024-02-21,2.175,2.2,1.99,2.0,2.0,20700
2024-02-22,2.002,2.01,1.95,1.95,1.95,8200
2024-02-23,1.95,1.98,1.9,1.901,1.901,15300
2024-02-26,1.96,1.96,1.9,1.9,1.9,2800
2024-02-27,1.975,2.05,1.9,1.9,1.9,11800
2024-02-28,1.86,1.983,1.86,1.91,1.91,5200
2024-02-29,1.97,1.97,1.83,1.9,1.9,4000
2024-03-01,1.99,2.43,1.962,2.307,2.307,113300
2024-03-04,2.2,2.27,2.0,2.1,2.1,56000
2024-03-05,2.099,2.245,2.03,2.06,2.06,21800
2024-03-06,2.14,2.14,2.02,2.04,2.04,7700
2024-03-07,2.122,2.122,2.04,2.09,2.09,1700
2024-03-08,2.07,2.13,1.923,1.98,1.98,52800
2024-03-11,1.96,2.09,1.95,2.078,2.078,8000
2024-03-12,1.96,2.0,1.92,2.0,2.0,12100
2024-03-13,1.96,2.04,1.94,1.95,1.95,5000
2024-03-14,1.99,1.998,1.89,1.89,1.89,3300
2024-03-15,1.89,1.97,1.84,1.84,1.84,11700
2024-03-18,1.865,1.896,1.84,1.84,1.84,4600
2024-03-19,1.88,1.89,1.854,1.887,1.887,8000
2024-03-20,1.922,1.922,1.9,1.92,1.92,3100
2024-03-21,1.92,2.03,1.92,1.97,1.97,4400
2024-03-22,2.06,2.247,1.78,1.78,1.78,67500
2024-03-25,1.85,2.005,1.8,1.8,1.8,15300
2024-03-26,1.801,1.874,1.8,1.8,1.8,9100
2024-03-27,1.8,1.91,1.78,1.78,1.78,10300
2024-03-28,1.78,1.89,1.78,1.82,1.82,3800
2024-04-01,1.87,1.87,1.73,1.77,1.77,8200
2024-04-02,1.9,1.9,1.73,1.73,1.73,43400
2024-04-03,1.74,1.9,1.74,1.77,1.77,7600
2024-04-04,1.76,1.84,1.73,1.809,1.809,17800
2024-04-05,1.73,1.802,1.7,1.7,1.7,18800
2024-04-08,1.79,1.79,1.51,1.74,1.74,9400
2024-04-09,1.97,2.55,1.3,1.51,1.51,6349200
2024-04-10,1.36,1.62,1.13,1.46,1.46,377400
2024-04-11,1.32,1.44,1.17,1.21,1.21,135200
2024-04-12,1.17,1.22,1.05,1.101,1.101,82700
2024-04-15,1.13,1.14,0.98,0.981,0.981,87200
2024-04-16,0.82,0.85,0.69,0.81,0.81,238600
2024-04-17,0.983,1.0,0.8,0.911,0.911,571000
2024-04-18,0.91,0.925,0.8,0.89,0.89,38500
2024-04-19,0.87,0.89,0.8,0.878,0.878,29300
